-16.039452344 8.96861834083 6.0
-10.0233090289 -11.4806425164 3.0
-7.24782997042 -9.40457558551 3.0
15.5890344292 8.47172412526 5.0
0.666031644486 -10.5973401393 1.0
11.7831744071 11.2175613194 2.0
-0.00148107282986 -0.15027525613 0.0
-5.50367033528 -11.3439482737 1.0
12.24443893 1.35609395731 5.0
1.23557158963 14.2030623779 2.0
6.37940714854 10.0367790825 2.0
1.08430692505 -10.7335057843 1.0
15.0037928626 17.6609362555 4.0
-12.2799236999 7.76281911103 6.0
23.4267666225 4.29031487092 5.0
1.98050299873 1.40343336578 0.0
19.0163473135 15.2734254474 4.0
1.62497152164 5.82303136368 2.0
-11.3959845467 -0.385530182023 6.0
20.5947838477 2.78231628532 5.0
-7.8028573668 -10.5954559728 3.0
-9.15395763173 3.60684312603 6.0
13.1488096027 10.1771723617 2.0
20.3351598899 1.11999025762 5.0
16.7850531477 4.522278519 5.0
6.24201715259 8.34520534995 2.0
-9.85491413226 4.52774639306 6.0
2.51208770725 -13.1866871452 1.0
11.6698637202 14.6961692749 4.0
19.0776875245 4.73847521998 5.0
-13.8847790369 -8.95929607856 3.0
14.6636073113 15.2751890871 4.0
20.6617099226 12.4393435238 4.0
-2.73740175128 1.9735608836 0.0
-7.96977314235 5.59207023408 6.0
18.2673168645 7.10076840072 5.0
14.6969586835 5.04563738077 5.0
-1.47890903511 2.93847272359 0.0
5.36141627632 9.45903062101 2.0
16.627581476 4.07390930825 5.0
1.19550344507 -10.3249376378 1.0
1.47957679236 -11.3886977294 1.0
13.1511263713 9.17255975137 4.0
18.2696943202 18.1678096677 4.0
19.1829441324 1.95213766963 5.0
-11.9211309773 3.52939194609 6.0
17.9572577513 7.82558484022 4.0
-4.73984407547 -8.32644154234 3.0
7.80331642974 17.3446905423 4.0
1.33184562375 12.288529071 2.0
-5.09328982446 -5.50904681776 0.0
11.7655339666 20.4330895242 4.0
-9.31216278402 4.84700801232 6.0
-10.2144870231 -11.1353487742 3.0
19.9250431511 16.1999279633 4.0
8.87867955284 6.76693121237 2.0
2.68456220602 -10.4465156629 1.0
2.93355036957 -15.1883634419 1.0
-6.34170980099 -15.250562229 3.0
8.81105774735 9.89709798847 4.0
-3.21311287191 -15.6046085027 1.0
-4.25748530066 -11.5209788694 1.0
-10.8862913458 -0.197923778486 6.0
18.0906234464 10.9365215368 5.0
-10.0155586692 -11.1309360559 3.0
0.508508778878 3.4777306929 0.0
-11.0137743844 4.58578910061 6.0
-3.179654312 -8.61168827794 3.0
2.2355619368 1.43176721556 0.0
10.1734687525 4.68416200828 5.0
-1.36496265521 -3.96290291778 1.0
-9.24021551717 -14.1644084531 3.0
11.1931467452 -0.153883931739 5.0
1.42512698373 -10.957794133 1.0
4.98995875644 10.9692096012 2.0
14.7786592841 14.4254362838 4.0
15.2719827286 13.052813466 5.0
15.2913672031 14.2026031935 4.0
19.9006978376 4.57669122721 5.0
-5.16180889007 -14.0218030288 1.0
2.99341454602 2.56496088512 2.0
15.4725710182 3.74855026714 5.0
15.5381984022 16.2076382 4.0
2.72135769332 6.01680549739 2.0
17.0798508195 17.6161598891 4.0
1.92643979416 -18.5837940183 1.0
11.106345338 7.26701570694 5.0
-0.443308642887 -15.5245173534 1.0
-4.25225229793 0.617209163409 0.0
-2.10983358048 -3.09140288037 0.0
0.958591257348 10.0805904791 2.0
-0.356948646554 -10.241379876 1.0
5.09283271366 -12.0214909653 1.0
-9.06731044501 6.88032184964 6.0
17.4147724062 9.28491199931 4.0
-2.0757310857 -9.1224129115 3.0
-7.75253626454 4.68296341963 6.0
22.2937219544 3.8652955833 5.0
18.0036674936 4.16506858255 5.0
-8.27857189268 7.94740158792 6.0
15.9470086781 5.09982755296 5.0
-7.38298254799 -18.1857228892 3.0
-16.0880215839 0.956860720123 6.0
13.0648260842 4.94424416819 5.0
-3.42390877696 -14.8022631996 3.0
15.1265582917 15.3095988074 4.0
-14.4238692104 -15.0523172866 3.0
3.80726684858 -5.07880544642 1.0
-10.3309966492 -13.0111737164 3.0
-12.6239473199 -9.59639860798 3.0
14.4185372834 18.7013319074 4.0
7.65601991644 14.0590937079 4.0
4.76718220245 -10.1316761367 1.0
-8.57336268708 4.49273494939 6.0
0.917489084695 -3.14723974587 1.0
11.7735575965 11.0656566504 5.0
-4.89495233224 3.58893414787 0.0
5.41187153727 4.26364457623 0.0
5.55204611463 9.44828178123 2.0
5.6557549786 9.04928043286 2.0
4.78577796081 8.80572353917 2.0
-2.730048844 -9.62201117441 1.0
-17.154351532 -8.85285622081 3.0
-2.78471107008 1.28962851945 6.0
4.74856763439 10.365633139 2.0
-12.5665863668 8.43356242589 6.0
3.95965177878 11.445214794 2.0
0.102588750377 -10.4248008855 1.0
15.9356578245 5.39297194472 5.0
16.0599035684 4.38206290558 5.0
-0.342522901196 0.26665121879 0.0
-2.43824950967 -6.50994755637 1.0
16.2682189085 2.46591624174 5.0
-6.62038793576 2.41997589214 0.0
-10.3079892719 5.48521610813 6.0
-3.36956847097 4.35640857397 0.0
-6.8700984564 -12.6359321874 3.0
2.64518101314 -10.6077895203 1.0
-9.04439212471 4.57753411755 6.0
0.289760063265 -10.4735136007 1.0
15.359544081 14.4982825478 4.0
-6.90836672427 6.08143558842 6.0
0.734499456624 9.55588713048 2.0
-15.3994855538 0.795446121214 6.0
-12.7597450717 1.96722583479 6.0
16.6343228844 3.31342772809 5.0
6.01025881953 -7.92596199065 1.0
5.6505800781 9.49167451533 2.0
18.0278571863 4.56023568071 5.0
16.5384302538 5.17931299942 5.0
-0.0660875124064 -3.04032222601 0.0
1.72301717237 11.1868487734 2.0
6.5856560349 -5.55616545645 1.0
20.2302794544 18.7616345684 4.0
12.3855614765 13.2788301657 4.0
6.62693771195 12.980486535 2.0
4.20361361965 9.16122607795 2.0
-2.20361279056 5.3879983655 0.0
-2.99555200896 -14.1648271622 3.0
4.20209574927 3.48075691336 0.0
-3.47073519983 0.661312197774 6.0
-8.95664079126 -10.6680899646 3.0
-5.26355556277 -2.52509704493 0.0
10.9010812034 1.89805467245 5.0
13.5286165049 11.7901946842 5.0
1.44654943518 -7.63019591707 1.0
16.9494546387 7.04912522126 5.0
-9.45559029784 -11.030548251 3.0
0.417771372934 0.296024483348 0.0
-9.52124299408 4.80499047441 6.0
-3.80570564862 -3.30813865922 0.0
20.8268452851 9.97224228218 4.0
7.70436944412 8.12315886694 2.0
-2.65020478601 0.333343103295 0.0
9.11081016748 2.36613227203 5.0
-14.2997495886 9.0919156673 6.0
-11.5840624929 -4.73207792233 3.0
-2.84414762808 -5.12239219516 1.0
-9.22645977268 -1.55742772891 6.0
11.5340205855 4.98310239783 5.0
1.00027702093 -10.3346268977 1.0
-2.61345902398 -1.31391531653 0.0
-5.7529970691 -10.1865304565 1.0
11.3503406867 16.8892822672 4.0
20.2355371544 3.1006286082 5.0
15.3300033515 13.8042689011 4.0
17.4991844853 9.13559985306 5.0
14.5237691425 6.36487991336 5.0
-9.78295577848 -11.0236000549 3.0
21.7317632437 15.703832784 4.0
10.8586335986 4.26870179163 5.0
2.66597046562 11.1132019025 2.0
1.31357355006 12.2316385578 2.0
22.9463938545 7.97167498188 5.0
-2.92967440497 1.82152364977 0.0
13.2818877496 16.5918150737 4.0
4.30422506838 8.59075891231 2.0
-11.0196513619 -7.08165630239 3.0
-16.5234534477 -13.6283719189 3.0
-12.0865564995 -9.54651695444 3.0
19.0379130656 8.59655997002 4.0
-2.52908361714 -8.07320915825 3.0
0.428310204575 -4.88507289649 0.0
15.6222311219 15.7744782703 4.0
-3.07460289073 -8.49758210646 3.0
12.8867293067 16.6751983057 4.0
6.20011751313 -11.5840680868 1.0
6.46638468539 1.9469837016 0.0
-2.27539092437 -10.9034762483 3.0
10.1327233306 8.69128159367 4.0
-4.03627916018 7.87113638941 6.0
-9.52376744028 -11.4466605384 3.0
2.50058169664 -7.91531453817 1.0
-13.6276170465 -6.64534136778 3.0
2.28899306903 5.22812686252 0.0
-12.9134062716 -7.53358825893 3.0
-14.9355995387 2.59354534353 6.0
9.37633494011 9.78085172453 2.0
-0.556326757767 0.541371351749 0.0
4.49921197541 8.60810370511 2.0
5.61713842988 9.53893783159 2.0
-11.1175901538 -13.585115653 3.0
15.5103988812 3.58356013752 5.0
4.41783656038 9.01704911205 2.0
8.81774098077 6.20574088086 2.0
-9.51142092711 -17.6144503808 3.0
7.04078940004 5.43866150753 2.0
1.45007955456 -1.62745228332 0.0
-0.475931636833 4.89833920074 0.0
4.84097151068 7.52707670335 2.0
10.4258075018 4.96128143055 5.0
-3.67697986974 -10.9958407902 3.0
-6.25393377297 3.53243720715 6.0
-5.44299713281 -13.196328642 3.0
-0.46048515005 9.85538511544 2.0
-4.30616984154 2.82170055069 0.0
2.46809183427 -13.3794091945 1.0
0.0392407468593 0.0241425357417 0.0
-12.6554133876 -8.55059550426 3.0
14.6609366475 20.5197586117 4.0
16.0446561686 13.9461197473 4.0
7.60951345358 10.6436685546 2.0
7.46426157176 -2.44497038515 0.0
15.090008779 15.3508015166 4.0
8.653013947 6.89722251724 2.0
-17.1134629208 3.03456986243 6.0
-2.85260598691 1.43478459355 0.0
11.9446130876 2.52622860413 5.0
21.6881108901 16.602420209 4.0
10.3552625843 5.07803206809 5.0
3.39206085884 8.30220210335 2.0
6.53451672034 -15.8664794026 1.0
-7.63718885095 -7.99300539385 3.0
12.2383020909 -1.7645536407 5.0
-6.93679884256 1.75643296627 6.0
12.6937038283 7.2828368764 2.0
-2.80622046025 -0.00621144054741 0.0
9.0553165058 10.5613779869 4.0
3.51042300837 -4.21220433827 0.0
6.55053227774 8.25693346037 2.0
-6.61133359698 -8.20276608267 3.0
7.59229731243 9.71414336905 2.0
-6.23524864278 -12.3478148155 3.0
0.779072560311 4.65640832632 2.0
23.4288527778 6.04133053814 5.0
-9.55072496985 4.91731800211 6.0
-3.89146429664 -13.4209050975 3.0
-15.5493628022 8.53399717038 6.0
14.5865274872 15.2043253957 4.0
13.4253324692 5.33781948098 5.0
-9.65493481862 4.91052794928 6.0
-9.78022554117 -10.4715096008 3.0
-10.7061136859 -6.1050411875 3.0
18.2698281105 1.40589511424 5.0
8.78484729546 10.8778389991 2.0
-9.76499739886 -11.0037582781 3.0
-3.6223794065 -8.69276554113 3.0
14.3964014488 4.58774699439 5.0
18.5120709259 14.7831053952 4.0
15.9601109679 5.0852881409 5.0
-0.965601027647 -12.8252009131 1.0
0.673812002289 0.259144651803 0.0
0.706336309083 -10.8775449455 1.0
3.86837232628 -2.2946019503 0.0
9.15381721411 19.6642151821 4.0
-1.34526897923 9.80764463303 2.0
10.8894162045 9.04827252917 5.0
1.00755629199 2.75665061065 0.0
16.3801886265 14.8726794307 4.0
-4.50206948789 1.55539016603 6.0
-5.28779823706 0.787567527257 0.0
18.7994314254 12.8652700701 4.0
-3.27369270631 5.7968476637 6.0
-2.39697027733 -7.89126625712 1.0
-0.693370956679 -14.150349633 1.0
17.0450306575 10.966558162 5.0
18.0056939526 11.6018551987 4.0
21.0926841164 4.20290653328 5.0
14.5396002294 14.7447313888 4.0
-10.5673227857 4.70868100232 6.0
5.25531234572 7.29530871504 2.0
-1.85170641825 7.24403781532 2.0
5.46523694886 11.7169412246 2.0
12.1974815453 8.68665251486 5.0
6.45286698484 10.9926822339 2.0
18.2246032118 7.79923135499 5.0
-16.0812401327 -9.95494480161 3.0
13.878276678 0.141650775888 5.0
15.4954427808 17.7444085536 4.0
16.9278316144 2.6724743075 5.0
4.24597909207 1.84924772343 0.0
6.39120013651 3.71113591369 2.0
-1.45486809684 -8.40228738243 1.0
-1.76353096822 -4.50810317684 1.0
5.7077833113 4.9045807159 2.0
0.927725691279 -10.2367422975 1.0
20.8610220825 6.0193728831 5.0
13.3958585892 5.94472718924 5.0
10.0591359793 0.892065999366 5.0
-4.06620467261 -2.1204763459 0.0
13.6611729032 10.7083831919 5.0
5.250873218 14.4476718177 2.0
7.56977483266 13.6460333944 4.0
-14.0406987731 6.7001752704 6.0
19.4560986781 5.89013358671 5.0
15.3781221708 3.72330831445 5.0
-4.61857500836 -0.745252405069 0.0
15.1181636244 9.68553381647 5.0
-12.0991368842 -17.567729219 3.0
0.776185688154 0.151973755125 0.0
16.0078334105 16.5840453963 4.0
1.49126742047 6.27807911125 2.0
15.5975005582 6.15544401148 5.0
14.7525394375 15.9129044029 4.0
-2.62122252208 -13.941718833 1.0
13.33625043 7.52691283566 5.0
14.2692129186 17.0596371989 4.0
15.9425702031 2.6775734516 5.0
2.06193723121 -6.35552175391 1.0
-7.85395251862 5.74557709918 6.0
14.2244976198 14.5509969064 4.0
13.9401331321 13.3319190863 4.0
-4.97761759332 -7.69476129628 3.0
8.27389635417 8.11548740691 2.0
2.20197079519 0.10191406439 0.0
-14.817229512 1.51100240219 6.0
5.21274585648 -5.13128220815 0.0
0.629278301952 -10.6610033895 1.0
11.3230186622 14.0104245332 4.0
15.848253548 4.73801506532 5.0
7.32674933042 9.72876980494 2.0
3.06988084812 15.3669115092 2.0
-10.6595810659 7.2983497088 6.0
-9.63218357585 2.27098412982 6.0
-13.7383747993 10.3717760487 6.0
-8.858774748 0.234444532114 6.0
19.2170431844 10.5126871403 5.0
10.6692692139 11.912407385 2.0
13.0201560719 19.6182192905 4.0
-2.95943172825 7.62252364428 6.0
20.9095780688 17.0165858377 4.0
-9.83753347445 9.22440471622 6.0
-11.8233082221 6.51695595448 6.0
20.2617125032 17.8105376919 4.0
-7.46495452243 -10.1081107276 3.0
18.813140366 5.63788493349 5.0
-8.0247164992 -14.8114466701 3.0
-7.09709673002 5.67154551298 6.0
5.57122105541 2.28881162514 0.0
-15.0289700629 5.19044321643 6.0
-11.3974493515 6.11435531136 6.0
15.287218212 0.61501317228 5.0
19.2124966512 3.88086062721 5.0
1.23737800596 4.14278651027 0.0
-5.2150832091 2.32309867384 0.0
5.98778586661 15.3729911758 2.0
18.7571513741 14.8536819322 4.0
18.8477425041 8.14383602053 5.0
12.0754492072 13.0988655682 2.0
0.103781321152 -13.9268901985 1.0
11.9782516892 5.00157949537 5.0
19.0238392072 0.862046295018 5.0
-9.66729243452 -10.8954947519 3.0
-5.70789710216 10.0522273932 6.0
17.7682060439 12.8246382479 5.0
12.4345144186 21.823599732 4.0
0.664066787346 -10.6663687412 1.0
-5.08403427828 -11.2400755024 3.0
7.77217893561 -11.0113352949 1.0
13.81899601 16.9305858856 4.0
-8.16235848485 -7.96894224025 3.0
-8.56824179777 3.94223982332 6.0
-7.6647999135 10.2411394701 6.0
-0.558955909873 0.0571864754307 0.0
18.468585638 19.7860066639 4.0
-5.7831641878 -17.2310808637 3.0
2.42587759102 15.0575747841 2.0
0.184921780099 -0.281202426134 0.0
2.97686291905 3.21349243761 0.0
4.74807208144 9.82221478399 2.0
-10.692777159 5.73503994807 6.0
-12.7063914014 4.90741576646 6.0
5.58542241351 9.78175391855 2.0
11.4472274913 13.7274874916 4.0
15.9462587553 6.56764055628 5.0
-3.80808032236 -9.46393280707 3.0
-10.3010752405 -7.95115188795 3.0
0.227314631372 -10.8619309347 1.0
1.98903643573 -5.71549144051 0.0
-2.43327442975 1.52745744579 0.0
15.0275060048 6.55699543522 5.0
16.5460110819 5.27811539925 5.0
1.10690192414 0.0676078065176 0.0
-2.73572181422 1.68254219029 6.0
-15.5969996358 -13.9166828257 3.0
17.1228237017 10.9271716002 4.0
-9.35164574043 -11.2945508147 3.0
-2.80797530526 -10.0413479501 1.0
-13.1558434537 5.41343485234 6.0
-3.21407014217 -1.50788772572 0.0
9.49996192006 3.17650614238 2.0
0.715630199908 -3.0102830771 0.0
-13.1560273751 -9.94478208855 3.0
-1.13667129157 -0.15287261668 0.0
-11.355835581 -16.3989103799 3.0
-0.0415405978838 -0.272309530287 0.0
-8.76327954153 4.13726142379 6.0
-9.81368828818 -11.1923298087 3.0
5.53633657545 9.7795517507 2.0
-9.62971701171 -11.0281753058 3.0
0.712398231271 -10.8064480877 1.0
10.5437338582 17.090945554 4.0
18.2618571991 6.53618356758 5.0
19.3427205385 18.0704514161 4.0
-8.61450513863 -5.11463699808 3.0
13.52154973 0.425918178651 5.0
2.79324608824 2.9830447097 2.0
-0.362081417333 10.843505122 2.0
-9.98679431586 7.78740614622 6.0
-5.47679628064 -7.48767355148 3.0
-10.3515915043 4.37878929804 6.0
14.9942846999 5.05831878172 5.0
-12.3285000929 -2.26630719418 6.0
15.4747828478 13.1540480647 4.0
-10.5066280477 4.15652564029 6.0
-11.7452881324 -8.13311349029 3.0
13.6847775859 15.2656043991 4.0
16.7920328446 13.5152300464 4.0
14.383162653 15.0361424791 4.0
15.5166588394 9.94610468809 5.0
6.97592150033 11.9272941988 2.0
-13.102819473 -11.4078392126 3.0
-11.6253267611 -2.47438678734 6.0
0.597208192756 -11.3853622314 1.0
10.4700564013 13.5191721251 4.0
9.93156391902 20.7719208679 4.0
3.38548799682 -7.09476551884 0.0
17.7728791676 15.649315967 4.0
-6.01437919784 -15.7858169934 3.0
1.85253564561 -16.9770706129 1.0
8.9244376133 4.6078805196 2.0
14.7226301371 11.2194645108 4.0
-10.0090132892 4.614182407 6.0
-8.82948560895 3.7458795269 6.0
0.589359969032 -11.4318430797 1.0
6.64257351965 7.50964296203 2.0
-0.119185222153 -11.1261665888 1.0
18.4684610523 15.2307010964 4.0
-0.932698654835 -7.09543895209 1.0
17.1478145212 15.6730366629 4.0
6.08949620145 9.93841393718 2.0
5.54853905296 9.40104557427 2.0
2.77526426049 3.99854554283 0.0
-12.1893759745 5.4981718634 6.0
-6.78963589709 -16.4089568567 3.0
-5.00930092374 -10.1585002216 3.0
-11.9761174873 8.74717438216 6.0
6.67291851279 -8.13588177582 1.0
6.91915202608 9.48138784544 2.0
-12.1195670652 -18.5162591152 3.0
6.66546965964 -1.20174556164 0.0
-3.09948230658 -2.35518568761 0.0
15.9378820245 12.4411302199 4.0
-12.4007181241 -15.9620509316 3.0
-13.052691272 -5.92684881456 3.0
19.1660874559 9.45782748 4.0
3.59038489968 5.79460668278 2.0
1.3785377165 -0.379393291354 0.0
0.0474241187086 11.037707026 2.0
1.04045559871 -5.75816552314 0.0
-8.91887084962 6.48141694842 6.0
10.009302917 10.5240710722 2.0
11.7584192609 11.8233446297 2.0
16.4155924904 3.59900573966 5.0
3.52900853581 5.0399718263 2.0
-8.25081616591 -13.5891041041 3.0
20.9722311928 11.0253970196 4.0
-3.11714849964 -9.80183940936 1.0
5.3374513653 9.90415595514 2.0
2.5177530154 -13.7222583078 1.0
14.0955481553 10.1983269422 5.0
6.12619746787 9.66310230608 2.0
13.8091504766 19.334731737 4.0
-12.9947120854 -8.13743757415 3.0
21.1351263358 1.74047784052 5.0
18.0756002417 5.20645364371 5.0
-9.80809844767 4.75807210214 6.0
17.9852661623 1.31147564396 5.0
-10.2604846221 -12.356035082 3.0
-2.52980189725 -17.5468070229 1.0
20.5673259006 2.16234376147 5.0
20.8649455497 18.9311360132 4.0
-8.60304871389 1.46790653747 6.0
11.8901058179 8.52073186899 2.0
-6.68248183511 2.8792790596 6.0
14.1910077076 3.44386457789 5.0
14.5858061883 14.9032686261 4.0
1.04015828613 3.34554817644 0.0
-0.331866759162 5.87324020039 2.0
0.848673448424 3.09313530187 0.0
-0.721422496246 9.99171250784 2.0
0.159568274936 0.332258862669 0.0
4.11954105878 11.9195190671 2.0
-1.59648716428 5.92718182786 2.0
14.513055491 16.1113377309 4.0
5.3428606241 3.95348093769 0.0
-0.0755827041786 -8.17590087014 1.0
-6.08247932343 -1.07891711017 6.0
9.21598772448 17.275864985 4.0
12.0482446662 11.5109354597 2.0
0.704887780277 -10.506053148 1.0
6.74011362666 -13.1826508811 1.0
4.20900964985 3.13278431288 0.0
12.2231389745 13.4025263107 4.0
-0.4580540921 6.0166180683 2.0
-9.27367683398 2.04811303695 6.0
10.0410318586 14.970646005 2.0
11.0774515855 6.63529412727 2.0
16.949573021 16.7323637969 4.0
-8.11943981528 -9.12040765752 3.0
-7.96769868246 -15.5620068177 3.0
-9.30340305242 3.78957256562 6.0
0.110919639697 -1.21523239867 0.0
-12.2487076684 1.73179723571 6.0
-8.97066120128 4.92237076048 6.0
-7.30171852579 0.791979273898 6.0
-3.50005833739 -4.31456612271 1.0
20.3141441398 17.2980948165 4.0
18.6320866153 1.76116071206 5.0
0.195641237868 0.446097593302 0.0
0.168525201122 -10.2079072749 1.0
14.1518361115 5.36160075033 5.0
-16.0463994086 -10.1619701028 3.0
22.7100373625 2.71924686199 5.0
0.647946608402 -13.5728391075 1.0
-1.4386955833 10.8209283757 2.0
1.43842723551 -10.2108230306 1.0
-6.21872076693 2.08874968101 0.0
14.5974040822 16.2699782736 4.0
-10.0678353813 -10.9715312916 3.0
-14.0464074595 -13.7628754177 3.0
5.61756468684 9.34390895046 2.0
19.6540462328 5.40457428913 5.0
-9.1783295177 -4.08465152985 3.0
16.3788482924 22.6004682317 4.0
17.8876309603 3.18712680711 5.0
-10.1201650416 -10.9583883697 3.0
-2.98626819923 -11.0118421981 3.0
-3.46208695972 4.12746453173 6.0
-4.31860441146 10.4759612584 6.0
3.00702081814 -6.68575267309 0.0
5.92112490715 10.250285022 2.0
-11.6365654955 3.04462343518 6.0
10.712548756 -0.64361717429 5.0
-4.12185248678 6.35300738199 6.0
16.0003702392 5.10043974336 5.0
5.6647000139 8.97647314416 2.0
16.0981351237 8.81351442324 5.0
-2.93748331208 -15.1702922108 1.0
-7.18663177713 9.68097749023 6.0
15.4761396351 20.0091633453 4.0
-10.6716662404 -11.0863197856 3.0
-1.90388537689 -9.5170188298 1.0
-15.7414731844 -6.69306859383 3.0
7.81522648462 -11.7153986286 1.0
-8.82701531757 -9.52205896401 3.0
4.2595900134 12.1719220265 2.0
10.4904858671 5.43950997614 2.0
13.6604140301 0.0429254664229 5.0
-14.8512243763 -5.9257819836 3.0
12.2776542213 19.0697656353 4.0
-15.254569234 -13.2644427701 3.0
1.39094902043 -0.224119989293 0.0
6.87805979974 15.1598027234 2.0
14.5177471216 14.9592064255 4.0
13.3462608588 8.88300828385 5.0
13.6260116323 13.027170597 4.0
-3.10325357572 -5.20039526322 0.0
12.5820591626 9.41326388453 5.0
-11.7454529149 -8.20890837933 3.0
14.2586136589 10.9214106191 4.0
-7.28182679446 -14.6860911393 3.0
13.560007185 9.2768401773 4.0
15.2564106202 14.7920897037 4.0
-5.25435421055 -5.16645827208 0.0
-5.08182002717 -9.90793777039 1.0
21.167996369 10.0623704207 5.0
-0.296238791039 -16.6126169644 1.0
6.2680944453 9.57548862175 2.0
-0.308989231988 6.92486527235 0.0
10.4170497223 15.8640586985 4.0
-11.0427331971 -11.3679679294 3.0
-0.46727513811 -16.0555147491 1.0
-9.10863027925 -10.6371224331 3.0
-10.114339822 -9.51668194991 3.0
-12.7943523938 8.63676668315 6.0
-13.1147812478 4.13089537042 6.0
-9.83361982653 -10.3274396778 3.0
-7.17872144826 2.7109908582 6.0
5.6909517249 9.37407881789 2.0
-5.09064097582 -10.8632389065 1.0
7.35077347912 6.27333573129 2.0
2.60511513879 -4.80228450299 0.0
18.2699402819 1.56573524926 5.0
-14.1772494115 -15.9203882044 3.0
15.0139273489 5.20008944817 5.0
22.2677159936 4.18772242481 5.0
-5.47119981226 -9.87666480955 1.0
-2.41689127094 -10.5944271767 1.0
-0.797214835532 5.11267108388 2.0
-2.11003157586 -9.10554369241 1.0
-1.31921927506 -2.80476050654 0.0
-5.19425038349 -7.8741591394 1.0
12.9624017467 10.855484713 4.0
6.31818123424 12.766717679 2.0
-15.414476486 6.73708260217 6.0
-6.46766643855 -0.672844635158 0.0
0.123159473905 -12.8513911717 1.0
6.6062169768 7.14122605548 2.0
1.20479258591 9.36793386968 2.0
12.3467339416 8.24295344216 2.0
16.6357243079 5.79853748443 5.0
-7.97129474814 11.2017094323 6.0
-11.07777295 -4.88444989992 3.0
-14.8842952819 -16.8984964605 3.0
19.4934910668 8.31978839967 5.0
-12.0553690023 5.1004424671 6.0
13.632177198 14.9770501509 4.0
3.83479029316 11.7431712579 2.0
-1.52783225213 -5.28226456808 0.0
-0.631294400698 0.973125847196 0.0
16.5357395865 8.7606192441 5.0
-10.7301601356 7.22562016038 6.0
-14.5662250941 -16.0418598132 3.0
20.9675411692 2.26149054554 5.0
1.37376809107 -10.22127468 1.0
14.090476292 12.6961830794 5.0
-0.982500686814 -0.463979565202 0.0
20.9805916042 2.90096194542 5.0
15.4410138179 5.48024179388 5.0
-10.6200556648 -17.5420660926 3.0
15.9674347875 5.96368295914 5.0
-0.0923259286453 -17.3854381899 1.0
9.50768427323 5.96429527918 5.0
16.2692324457 15.8525193655 4.0
7.96325482927 9.46426228787 2.0
-13.1147520352 4.75703955141 6.0
0.537541419387 -13.2828500246 1.0
3.95046189263 0.637641225673 0.0
15.268642696 18.0599837698 4.0
2.7780167148 3.15062533465 2.0
19.8428040429 16.1145457056 4.0
17.6386387 12.5160026186 4.0
1.81477407439 -1.5455217802 0.0
19.621629889 20.20726947 4.0
13.9381855859 15.7535278837 4.0
7.11853258065 3.42502980392 0.0
5.66480012118 -3.89826631215 0.0
-8.80496353328 3.74202470854 6.0
-1.87598362789 -1.84506543122 0.0
-9.91352320669 -13.3311225054 3.0
-8.46657276043 -5.29598635793 3.0
20.1958476751 -1.56710040089 5.0
-9.45076532132 4.8836276818 6.0
-9.6870330889 4.91747929231 6.0
9.53013240478 18.519288317 4.0
7.49363206849 12.961442065 2.0
-0.288766703959 11.424877138 2.0
-9.3365297937 2.69857367777 6.0
5.15731919311 -16.3249358425 1.0
-10.5379002408 -12.2927517211 3.0
0.00326360577088 2.04966245972 0.0
-8.01065061157 9.0598185494 6.0
2.90746102735 6.16738655361 2.0
-9.84636826445 -8.48898003953 3.0
-3.77447955967 1.58580509132 0.0
17.2751100605 11.5463104891 4.0
-8.76968971257 -9.87587174605 3.0
-4.10113461865 -5.80039381905 1.0
4.4615849108 5.9581009712 2.0
1.5593941674 -12.7674933499 1.0
-2.10946929547 2.95493189835 0.0
5.94648327563 9.56247367137 2.0
0.781077353777 -10.6109507379 1.0
13.9776764567 14.3721082429 4.0
0.0862051261106 -10.1464184443 1.0
-4.72811939578 7.79782993929 6.0
-1.15534958286 -16.6480718474 1.0
-2.79487838009 -4.93117620327 1.0
-3.24020139033 0.158257491714 0.0
12.7827465639 3.4057415022 5.0
-0.928562037483 0.563738949164 0.0
-8.24182264927 -13.5555209836 3.0
-10.1358872077 1.75507111146 6.0
4.28714007956 2.77672485546 2.0
-3.565101472 0.856647009916 0.0
-14.7936394851 8.9196388444 6.0
15.9233665088 5.09755133872 5.0
0.0443167132539 0.127811038646 0.0
4.37522828287 -4.34027666402 1.0
1.79779779077 11.2940625393 2.0
17.5440248952 5.9538919209 5.0
1.64201879431 1.60635819556 0.0
-17.0931949613 6.59222644643 6.0
3.55593661884 -5.47707216147 0.0
1.17993874732 2.88858774329 2.0
8.07829987409 9.04847581271 2.0
16.0044174822 5.17736916977 5.0
11.1486274778 5.45451080927 5.0
-5.42693640211 0.797539537128 0.0
4.33493247133 4.29306482528 2.0
4.92154167535 1.3313212135 0.0
3.65899012227 -1.49508077978 0.0
14.4797782167 14.9664831812 4.0
-13.454343363 -9.15130674427 3.0
-0.74523224138 -9.67614934569 1.0
-7.50036617647 7.26277202966 6.0
11.6860135029 12.8247785464 4.0
5.28354692526 -0.990041117434 0.0
19.6183351441 15.7709277702 4.0
2.49891821773 -7.86868077059 1.0
3.12792855841 6.11563342026 2.0
-1.92597367316 -1.62187621505 0.0
6.96178855382 15.8761148931 2.0
-9.76324641091 -11.2782899703 3.0
-9.54012063629 6.67522212172 6.0
5.24899259232 14.7754845553 2.0
-8.85848505028 -7.25412933711 3.0
13.4162425824 9.36714911566 5.0
13.688903142 9.18754594211 5.0
-9.65159534466 5.97186129999 6.0
4.94447767412 -14.2336118648 1.0
5.05585425536 -4.55092370047 1.0
-6.61207187459 -17.9656827174 3.0
3.75621597903 6.66365212426 2.0
-8.3205222586 5.19197871316 6.0
11.8777921334 11.2430923836 2.0
11.5714692334 13.9249977024 4.0
1.20666399835 2.09629311617 0.0
7.97083091283 13.0696662741 4.0
5.37453578334 3.11152079251 2.0
17.1090799832 15.5532464701 4.0
10.1915284744 6.37624461193 2.0
2.60902568656 -2.9216556405 0.0
3.24625202468 4.10064714055 0.0
6.42039246075 -11.7113252368 1.0
9.29723106329 15.0437542831 4.0
19.2843604736 10.8043754875 4.0
-5.10653178435 0.840517292281 6.0
4.60879026168 -4.73462985004 0.0
-9.93339557444 -10.040241595 3.0
12.4499878785 0.783438166939 5.0
16.3252045527 4.62439429897 5.0
-11.3625041403 -10.5965614257 3.0
15.8160884632 17.5439869574 4.0
-10.9214439176 -11.6963862531 3.0
0.686579168497 -11.7556735892 1.0
16.7811457516 1.41202002472 5.0
1.88683377414 5.45341741237 2.0
-8.00789559382 4.40174205652 6.0
-8.96128673451 3.96212247928 6.0
10.7590614731 19.6776956489 4.0
7.26395119457 -11.5880182169 1.0
-5.35092748553 -12.4591643526 1.0
18.1246148034 9.35290007716 5.0
-5.27327972251 5.8182433337 6.0
18.995416825 0.0767428509365 5.0
0.166980716426 -0.399643063716 0.0
5.40849060609 -9.44722343008 1.0
21.6411336865 0.110772287113 5.0
-8.95320887431 -1.36488980591 6.0
-5.95248967299 -7.02712840852 1.0
13.105332523 9.48537456665 2.0
-16.9650229048 -14.4502620305 3.0
17.14116001 18.2174325902 4.0
-10.6454478305 4.86170631798 6.0
-6.95931230182 -10.1650205997 1.0
17.532486157 11.6557797449 5.0
-5.55462059047 -7.26975670037 3.0
-11.9641254929 2.49861234798 6.0
1.92887174455 -10.5681532635 1.0
4.35900072915 1.93311942439 0.0
18.484107536 14.0070185795 4.0
-16.0359085762 -15.0703539846 3.0
22.2806981343 5.09765865237 5.0
-0.271961415435 -7.07816588594 1.0
4.91753224703 -12.8503194178 1.0
-6.78179665144 -8.65225026766 1.0
-3.26118219106 -6.7107224857 3.0
-2.55552828398 -7.38210671155 1.0
10.3849572387 12.3904745139 4.0
4.71079983031 13.9648812771 2.0
20.3376421713 8.93544664842 5.0
-3.421769299 7.34034717426 6.0
-10.1543094678 -11.7352179984 3.0
-7.26254662615 -2.21646702247 6.0
13.2893048091 18.1876262544 4.0
8.52191285608 13.633207042 4.0
-12.0158706371 -6.16021825001 3.0
12.8937442392 7.72703094606 4.0
7.55944319953 -9.72258756619 1.0
-3.694650736 -0.450511458582 6.0
2.42744281571 -10.1094630462 1.0
-8.09096969433 8.15220855406 6.0
-6.97083960445 -10.5207147854 3.0
-1.15532380777 2.57746611348 0.0
-3.33957626153 -14.4766661355 1.0
6.72865188714 14.141257065 2.0
-0.297383375149 0.94850974623 0.0
-12.4103271243 5.54792559741 6.0
-3.38246203822 -13.5988756171 3.0
15.7162952227 9.00912476981 5.0
16.8695327973 11.3763944209 4.0
10.5125771406 11.4011953457 4.0
16.0978555438 2.19104125016 5.0
-1.05453694331 -6.71759672292 0.0
13.0329487109 11.5594484512 5.0
-1.53394255408 -1.3830698949 0.0
19.0676462896 11.2919566578 4.0
7.42644479284 -7.26036764057 1.0
8.1777352524 4.62371092209 2.0
7.93298913109 10.3922891968 2.0
4.35207694426 -8.32966329114 1.0
0.180706900521 0.138243108427 0.0
7.53824974402 7.47511268101 2.0
-11.2490248764 -13.1749921043 3.0
15.3313278315 13.5072828082 4.0
-7.44374193467 -10.8624088425 3.0
3.22066311382 -3.0465520071 0.0
3.33325992743 1.95468299162 2.0
0.225507339943 -11.1205972131 1.0
3.28236197663 14.013666818 2.0
2.06672916075 7.30145147015 0.0
0.680722393472 2.27687447084 0.0
-13.8164095067 -17.3472875588 3.0
-4.49281822866 6.39250370838 6.0
-12.1819169417 -10.5220050305 3.0
4.84521196226 11.2514821065 2.0
-9.34050885478 6.13390802412 6.0
0.509380135883 -12.0727953537 1.0
-13.6750288685 -0.737292683291 6.0
-4.0155849182 -15.5063448882 3.0
-7.84685502606 6.61939108099 6.0
-3.51422924498 -13.3224499788 3.0
-11.4678752592 8.28451179769 6.0
9.44956107277 13.3683943938 4.0
-0.211547080461 -10.306044233 1.0
-6.1210444767 -3.29053006343 0.0
-4.87496251059 -1.47743490442 0.0
14.5953628149 15.1422407606 4.0
-0.781378571431 -1.79449651568 0.0
2.04733416451 10.8691672071 2.0
4.82412413829 9.9367453295 2.0
5.06937022662 -9.67678998629 1.0
17.3416275485 12.1389587057 4.0
20.4950402296 7.4731417351 5.0
11.2228816308 12.5346063422 4.0
-6.22682306731 -7.70040677382 3.0
19.385649493 7.38769710642 5.0
0.506538654779 0.540517391494 0.0
-6.09750815168 -2.10891970896 6.0
-6.24359740089 3.76953400271 6.0
-9.17170533451 -15.5012714293 3.0
14.2841974755 12.6338000542 4.0
-9.55506893524 4.68577476531 6.0
-12.2073000645 -1.89663588091 6.0
-6.61219826849 4.23731268231 6.0
16.8970786259 13.3308617353 4.0
-2.59712385869 -10.3878650607 1.0
-10.6229891653 5.7084974869 6.0
-14.7566810469 -15.3329046328 3.0
-9.78203431273 -4.91409451528 3.0
5.67763787471 6.6912743366 2.0
-8.54692347354 -14.6171743829 3.0
15.972520466 5.31064748173 5.0
-9.38926371254 4.55182273573 6.0
-10.2502676786 -10.8208856891 3.0
15.5034647656 4.68015262931 5.0
-8.33449783724 -10.3382508381 3.0
-3.00896030106 -2.59869279927 0.0
18.7795952556 10.2599473893 4.0
-10.5214333943 -11.743285257 3.0
1.08736398633 -10.5783159613 1.0
17.6005935128 14.1042824589 4.0
20.4761038777 14.6563242368 4.0
0.363460119112 -8.68096396962 1.0
-9.05898260053 4.62564084902 6.0
15.6250939207 6.06382636084 5.0
17.330116528 4.70462337328 5.0
0.0112918791914 0.367722488964 0.0
14.7842414295 9.97533274904 5.0
13.2712551318 4.82060921799 5.0
-8.51490524548 5.7002889585 6.0
-3.84515572732 -13.6672294468 3.0
7.24976651002 17.3416784887 4.0
8.85215349921 14.4965756294 4.0
0.861427993679 15.564031514 2.0
15.0456155045 5.48064734816 5.0
13.3298602127 8.33010673415 2.0
-6.2250754105 -9.4822186288 3.0
9.730782377 8.65930508516 2.0
-10.8910109834 0.58847790768 6.0
-8.43069477778 -7.21926746233 3.0
-5.07657763609 -5.59528759752 0.0
-6.72541989997 2.12491561206 0.0
-3.00199099299 -0.403691689695 0.0
11.7238146846 9.44055145026 2.0
-2.16368868587 -11.3508063947 1.0
16.1355398102 3.92792341957 5.0
1.08000423725 -10.4169034345 1.0
13.8699513254 21.8883153469 4.0
1.70530762807 -10.2633288479 1.0
-8.53962470784 7.74698021458 6.0
3.94440120978 9.13719201698 2.0
11.5930557537 3.47674099386 5.0
-8.60993158179 4.26641054088 6.0
5.49771495628 12.3336498646 2.0
12.1737457843 0.741589910432 5.0
5.62641673151 6.17518812391 2.0
2.47820199123 -11.2205331093 1.0
-1.30985899506 -5.14002272946 1.0
13.419697869 16.3699625438 4.0
-5.58877378573 -9.5651297259 3.0
13.6946203401 7.16289722041 4.0
7.51017690239 12.0222257605 4.0
9.24090936981 6.16893272726 2.0
-3.83748840255 -0.281164466627 0.0
15.136986898 6.56112757518 5.0
0.97748661249 15.2728011013 2.0
-15.5876690153 4.50779213501 6.0
19.6814160728 15.1800136807 4.0
1.31523534963 -14.9650915491 1.0
13.0102827107 14.0821020142 4.0
16.8162529219 15.5837084071 4.0
-11.7149170102 -12.364260652 3.0
0.431859393544 -10.5287644107 1.0
14.810090753 14.2301031211 4.0
9.51891550416 11.7897855009 2.0
2.39005887773 8.99886402568 2.0
-0.640872102459 0.0100041251701 0.0
4.13676341685 -11.4269258516 1.0
0.40728811019 -14.7686712451 1.0
11.3468761495 2.84974442546 5.0
-0.22189949815 -0.216791293315 0.0
-0.115908849992 1.22302031589 0.0
-0.61544217374 10.8661600029 2.0
18.3119620386 9.73357529206 4.0
0.345270998516 3.75484130187 0.0
-14.9673702737 2.56230287535 6.0
8.78851956573 13.5118357063 4.0
4.22210282296 -4.12035801777 1.0
1.77754082456 -9.32690682045 1.0
0.406707529323 -12.074343535 1.0
3.1958085 -6.5228543388 1.0
14.6588874485 14.9967187975 4.0
-13.4023791502 6.01618145241 6.0
-5.86252959598 -5.87595433607 3.0
10.9768777532 15.8494159618 4.0
-3.43806992411 -10.141420753 1.0
0.485926460841 -10.7884679942 1.0
10.6596081828 14.5985118073 4.0
8.84527273313 20.0703891235 4.0
-11.7882172599 -15.1404407034 3.0
5.12456707727 10.8255168617 2.0
-7.69120470455 -1.54406177344 6.0
9.02184572825 12.8887153963 2.0
-7.55122757608 7.3342203279 6.0
-4.41718355055 -14.953778211 1.0
13.2940928065 11.4978037966 4.0
18.0825400792 10.0285355819 5.0
10.9880364025 10.5492587543 2.0
-4.62973975205 -4.28899006862 0.0
8.13226820382 18.7469813334 4.0
-10.193495588 4.96808989704 6.0
14.4591397243 17.633600454 4.0
12.6945416276 22.778889731 4.0
-14.4437960863 1.25547454488 6.0
0.335892094203 0.020602542312 0.0
16.6360359127 7.57652495337 4.0
-8.57589331628 2.60371408042 6.0
6.0719155476 5.67765242426 2.0
6.35759892169 4.26697024971 0.0
17.4473507286 15.5467741503 4.0
5.79511746957 -12.762482233 1.0
5.23759684844 5.14630911247 2.0
1.73584457296 5.33217652929 2.0
-3.98326163967 -9.38166652603 1.0
19.9211434813 3.88641044031 5.0
-2.40200935226 -1.00753024307 0.0
11.818898476 12.071901366 2.0
-7.6926329737 9.66448938838 6.0
14.8068320026 14.5933556396 4.0
14.4878195131 15.1364257038 4.0
17.4577675575 2.33903709624 5.0
-8.5835205062 8.37790464413 6.0
17.9304551624 5.14390080768 5.0
7.07299849299 -12.2896364396 1.0
-10.6639293203 4.57519712898 6.0
-0.577377719904 -10.2612877587 1.0
-11.5858149308 -2.34864613387 6.0
-8.05314034633 6.08132330624 6.0
-14.7686523832 -8.74288216323 3.0
-2.16402758262 4.03317115876 6.0
-5.53690693175 -12.3737529621 1.0
10.3616397851 6.72461596386 5.0
1.24689615125 -15.3205886859 1.0
-4.94745636972 2.8421985328 6.0
18.4047809112 4.87268841912 5.0
-5.89733601191 -9.00921392724 3.0
0.528544941618 -11.0853180965 1.0
12.1804403109 14.6600691184 4.0
8.02580972469 -12.3437839208 1.0
-7.62464746797 -12.2887816038 3.0
-6.48697966172 -6.37267930231 3.0
18.1887347967 -2.04068578828 5.0
-9.01048375735 -11.3763417799 3.0
7.92671012693 10.8193799096 2.0
-10.4860444993 -8.01057069783 3.0
5.41723770012 -7.11495810313 1.0
-17.0169617927 6.80870836231 6.0
5.82116269934 3.9982030452 0.0
5.8046521055 8.07583109703 2.0
-9.62392514041 -10.696472431 3.0
2.40839519999 -0.72857718145 0.0
-16.0777117586 0.632676571665 6.0
-1.85206539662 6.7536172657 0.0
16.0417172764 16.0868500941 4.0
-0.157842374006 7.65099947229 0.0
15.4158861276 4.76673115459 5.0
19.8957974783 15.7685604177 4.0
-0.274318747706 -9.13858725699 1.0
-6.96334469172 -5.71620922851 3.0
-12.2243050533 -7.21394392768 3.0
7.25526278708 -8.92034511235 1.0
-12.0497408974 -15.089467492 3.0
-6.66704851236 1.57571980806 6.0
-9.9499531993 -12.8482799726 3.0
12.8105465462 10.3711810181 2.0
10.6382416607 21.3648920528 4.0
-4.01253179268 -14.5005697444 1.0
14.8724854925 6.00782803469 5.0
-14.8343865828 8.03423385045 6.0
-1.16858661312 9.02136314408 2.0
18.6487231088 11.0213194829 4.0
2.18660344013 12.9834295147 2.0
-12.600977946 10.9463911735 6.0
6.63001675685 9.51265647812 2.0
-1.16057724364 1.47828189358 0.0
5.62990081021 10.3834429022 2.0
14.7572183324 7.82658777054 5.0
12.9825207097 13.6596052471 4.0
14.5216309808 18.0747755053 4.0
1.60865408688 15.6784243293 2.0
14.5018669181 12.4416055412 5.0
6.14939399066 9.48124194956 2.0
13.1932123997 21.1906079974 4.0
9.98882250826 18.637948614 4.0
22.5335664128 6.53262124551 5.0
7.46750210094 7.09314536716 2.0
-0.472358868281 -14.5311303957 1.0
11.9923391192 10.2706243779 4.0
-9.06002267392 -12.8233490591 3.0
1.39752972174 -10.9716416254 1.0
-1.56315371069 11.1753241632 2.0
5.17511683153 -4.28284651291 0.0
-0.94292839156 -14.9248851641 1.0
14.7050302196 5.46203345528 5.0
20.8911647089 5.62271010684 5.0
1.83618929091 -18.005684896 1.0
-2.13619134837 -2.40894470661 0.0
-4.23062439299 -13.3271343127 1.0
-8.91241504768 4.17160047742 6.0
19.1538159377 5.26590156421 5.0
5.60614165404 9.40852145603 2.0
1.1051706007 7.72773618999 2.0
-9.48255644035 -10.7189762164 3.0
-11.4519517141 -5.69033890762 3.0
-4.12035301542 -2.58311160615 0.0
-1.3331391486 8.79730076457 2.0
-9.11933173244 5.7366298937 6.0
13.5457790134 2.30693636548 5.0
-0.280263955285 3.61149054355 0.0
4.55848741189 -13.9948676987 1.0
19.8567925259 5.81117728127 5.0
-1.10323134198 3.18957350427 0.0
8.30481207974 15.6103580228 4.0
6.36113494684 -12.8526431046 1.0
0.519295996759 -10.3727704468 1.0
-6.40716954877 8.04976072734 6.0
-13.9486175637 -13.778247853 3.0
-5.1157639298 -1.27276710931 6.0
14.4625663381 0.793693164984 5.0
-8.3284700139 -13.2218444369 3.0
-12.8818777078 -4.33164308928 3.0
-8.70129063136 -0.21870856048 6.0
13.3978000746 2.605873288 5.0
8.42840005812 11.4168754211 2.0
5.03873156165 -10.6533860941 1.0
17.7780305137 8.66404312959 4.0
-6.88603009591 4.95145503001 6.0
-0.785560685459 -11.9703579138 1.0
-4.43787033115 -1.13670843619 0.0
-11.8771676654 -0.772357517243 6.0
-9.50952884799 4.82328130783 6.0
6.87221181619 -10.4074761849 1.0
-8.9813974394 -8.11873555539 3.0
3.0628441704 9.41946804091 2.0
11.089810607 5.3379444329 5.0
-0.748185298081 0.514488801107 0.0
19.7092202299 2.21560567508 5.0
-1.38778251018 0.672876123147 0.0
-1.26553049648 -8.70740842185 1.0
5.73979239317 9.64499864347 2.0
1.01268382138 -16.3263998126 1.0
-1.72417954514 -9.38911376397 1.0
-6.67238431985 -2.71616694708 0.0
3.64278371957 -9.21810141804 1.0
16.3986484168 9.98177618177 4.0
6.98577854369 3.01792885543 0.0
-15.2785704978 -13.8483075748 3.0
7.8259501489 6.65775155135 2.0
-0.504879317469 0.169389958608 0.0
-11.2264684721 -13.0833885639 3.0
-10.6358255971 -11.8908939503 3.0
-11.0648546456 -5.44949325695 3.0
-10.0339457924 -10.888131977 3.0
6.11624593309 12.0643691842 2.0
3.79185281092 13.2520304525 2.0
20.6372227487 1.27000497625 5.0
-7.13375882957 -4.34778522496 3.0
-12.8237601723 4.2484169335 6.0
16.52688892 4.95087734127 5.0
7.26293043385 9.44740412104 2.0
-7.13699516069 -13.4143666092 3.0
-5.59219676979 2.49490498954 0.0
4.58654810967 6.36234189547 2.0
-1.93404704137 2.55201539609 0.0
16.2090092911 4.16382607886 5.0
16.4346593497 13.968359047 4.0
19.1247639063 9.19201680618 5.0
-9.18773702811 10.377957655 6.0
14.9518497776 14.8409936165 4.0
-9.99367004109 4.81004560885 6.0
3.89352631851 -17.6160179859 1.0
-6.6714563544 4.31731802271 6.0
16.3561465521 5.66983913895 5.0
7.75366674916 5.20136814466 2.0
10.9270271588 4.1787886125 5.0
0.93852456396 -11.4052851232 1.0
16.5622269646 9.18766380555 4.0
-7.81245213328 4.27107605852 6.0
2.52734745301 -2.27181671429 0.0
5.82831482531 2.67535422581 0.0
-5.47461389374 -10.854619385 1.0
6.40583653589 9.95574003653 2.0
6.64017512608 -4.37664811291 0.0
-16.4103766344 2.79365875356 6.0
-1.27815982472 -0.803577850183 0.0
-6.06006696227 -7.45316408463 1.0
0.106979636829 -10.0214415111 1.0
14.2772686679 2.85584158904 5.0
-9.98893470289 6.78819240563 6.0
11.8548237437 7.37062397078 2.0
-2.02315634544 5.70307771632 0.0
1.64896051598 -4.19243669742 0.0
-14.4394820137 -7.97752450294 3.0
-11.182428232 -7.3652728781 3.0
21.4627045195 13.149531701 4.0
-9.1077173897 6.93466031744 6.0
-3.10402494066 -6.09991839884 1.0
15.6823510044 14.1580601368 4.0
-9.95387783137 -10.6858000404 3.0
3.8690535659 6.31544000908 2.0
-0.95954945157 -3.53777996362 0.0
15.5058868825 11.5978835391 5.0
4.47998705274 -0.0316102031821 0.0
-2.18413747966 -9.96269503587 1.0
-4.19243616359 -11.1053041304 3.0
-10.9785028069 -9.46502562724 3.0
-7.91857350347 0.694319933171 6.0
1.51414410252 -7.89466764202 1.0
3.53168205825 -12.3366656383 1.0
10.9950009523 10.3177877003 5.0
-9.15893434265 4.08671158024 6.0
-11.6719647381 -16.0059205647 3.0
-0.125568115829 -1.2840644529 0.0
3.71441868279 -6.48906314498 0.0
6.04191787534 9.51923215726 2.0
-2.5219225966 -10.3831499028 3.0
14.6591515094 14.7744620754 4.0
11.7257961309 12.9229476985 4.0
7.88828010111 4.34308681497 2.0
15.8865131533 10.2742968452 5.0
-8.07713274965 4.04961697075 6.0
-13.9660597831 -6.17878171427 3.0
10.4642360868 7.92623021284 2.0
5.8699431443 4.35238767303 0.0
6.71769286354 8.07983892736 2.0
-11.8273860185 5.44584238417 6.0
-0.364477045712 -5.64698782517 0.0
8.48560046466 6.91149679514 2.0
-11.1449963286 3.6925286885 6.0
9.65177344168 7.84684596925 5.0
4.40239215613 -9.84328263858 1.0
15.9938682343 -0.241004440256 5.0
0.561749465835 -3.19249543034 0.0
13.0939333614 10.0606235308 5.0
-2.53321858411 7.45684834809 6.0
5.13238665677 -16.2533342399 1.0
0.193412622254 -15.8052707209 1.0
2.02324797509 3.61431514501 2.0
13.0487458318 9.39006908676 2.0
15.7326529904 18.7819321647 4.0
-10.4457920994 7.59053830856 6.0
-0.534686100795 -1.2143188946 0.0
0.282106335266 -9.66914462046 1.0
17.7348954503 22.2840852335 4.0
4.69200253451 -5.97753339186 1.0
20.7306807851 12.3277435942 4.0
-5.4849681273 4.8966315958 0.0
-0.809087107257 1.39737537576 0.0
-6.51332676123 6.31509361002 6.0
-0.131161490579 -1.16766273649 0.0
1.58633187549 -11.1373672189 1.0
-8.651592649 7.13479613232 6.0
15.0226473349 22.6227710276 4.0
-11.4466458182 8.7423249941 6.0
3.07591208792 -10.5152749793 1.0
12.809650035 14.1237240925 4.0
5.93792397474 6.31852949241 2.0
-5.84238757141 0.278576801785 6.0
-16.4550317031 -13.7979958499 3.0
2.53030710784 -4.25669836169 0.0
17.9597918572 18.4456004606 4.0
4.88391795333 8.63498918484 2.0
7.61553142896 10.0135042888 2.0
-15.035387736 -11.1487448134 3.0
0.0517772624579 -1.43394575446 0.0
5.81223511881 10.2810157993 2.0
3.65767991311 1.28175162217 0.0
6.21280822773 10.7170440206 2.0
-8.09433824843 -9.73710140186 3.0
3.62227190442 9.78492924042 2.0
2.49563852581 -5.0334419416 1.0
13.9814289931 18.7488497317 4.0
-2.5161729016 -17.2781876799 1.0
-6.78644082841 -8.96148582156 3.0
-9.86574450772 10.1897767484 6.0
5.04974948349 0.0930210523657 0.0
-0.0225104362611 0.521090792804 0.0
-9.56994020631 -11.3334817073 3.0
9.52137761389 3.63557947017 5.0
-5.39167856313 0.132559289783 0.0
7.07140478091 -7.92050804464 1.0
0.718643882674 -3.70978866693 0.0
19.2050633632 4.76515815657 5.0
17.382883762 6.19202396206 5.0
7.63996865016 -11.930029043 1.0
-8.90610923784 4.01987196605 6.0
4.71942712132 9.66255931475 2.0
-8.78142027201 -4.79326053069 3.0
1.86766328479 -16.2368577616 1.0
4.31851444318 -14.8579892799 1.0
9.1169458088 15.7823585093 4.0
-6.75871781269 -8.47438256201 3.0
12.7707701133 11.7809763667 5.0
-4.33630231501 -16.4129262198 3.0
22.9603203516 5.43398418678 5.0
-10.6649369252 -12.3605238988 3.0
-16.4581207184 -9.51124058364 3.0
-14.6343975524 -16.5794783297 3.0
3.63909995648 -1.74684292278 0.0
-6.25200741512 4.51770125615 6.0
0.832616153552 0.379362182794 0.0
16.7978220442 7.54684740355 5.0
-5.06165275859 3.35817223907 0.0
-4.07803543806 -14.3637775174 3.0
3.13691248526 6.68792890261 2.0
20.5786690752 1.94497234876 5.0
-2.35435269836 -2.83542453601 0.0
17.0018428747 18.4453050037 4.0
22.6307975947 8.11558146541 5.0
12.8755784609 14.2053893183 4.0
13.2924268814 2.81731139677 5.0
2.70472319921 -12.6628002456 1.0
-8.62887899756 -9.57276925647 3.0
-4.6912330753 -9.16645366977 1.0
0.566309126256 9.31718624351 2.0
18.1303533177 -1.40240736809 5.0
-10.409453742 6.49257013787 6.0
2.93769447228 10.1510522611 2.0
-6.19871751575 -7.1624965142 1.0
0.0728786971902 14.9894036312 2.0
0.658393311529 0.729368026411 0.0
14.3954540133 15.0134409349 4.0
-5.83633864348 3.60138693824 6.0
8.81492536367 6.55817414009 2.0
4.77461160127 -17.0084473467 1.0
0.27757611337 -10.0825191027 1.0
4.18732295044 10.8629263387 2.0
-1.80614379966 -14.8613352874 1.0
-4.05678195341 0.21508728686 6.0
-5.06609730587 -3.28653481045 0.0
10.2796899326 6.06053024791 5.0
21.5752581657 12.6300140046 4.0
5.47044256764 -16.2160759336 1.0
-0.910448273474 -11.1471713052 1.0
-15.0084075348 -5.34701688842 3.0
-12.8127688851 -7.21518963961 3.0
17.2895671413 17.5231559211 4.0
13.1041567391 10.8849874164 5.0
-4.03265881635 7.13409992143 6.0
9.48533912279 18.5439986867 4.0
-10.6133005937 -15.8941324471 3.0
5.00794126087 8.80466244449 2.0
-14.8584353223 -8.58462645033 3.0
-1.28544994909 -5.61844829565 0.0
-4.18174234228 0.735692792335 0.0
-3.46122258194 -9.56897581617 1.0
-10.1806817745 4.41493049769 6.0
16.206728645 4.76804789568 5.0
10.1151856359 0.433078100664 5.0
10.4866143146 12.6427562472 2.0
-0.534030639404 1.80899690505 0.0
-10.4359315423 -17.4309085911 3.0
-4.9309542478 1.03632473067 6.0
16.8679661125 -1.89132512441 5.0
20.1668420606 16.8810310462 4.0
18.2640633307 6.99550844912 5.0
4.19963707621 -14.5442532062 1.0
-12.0989661075 -11.705128066 3.0
-0.412107783218 -1.81609921215 0.0
-3.33493277522 -6.44828119616 1.0
13.7771948287 11.8196169855 5.0
18.7509815267 21.6912359051 4.0
14.6775858423 15.0306368009 4.0
13.5098154079 20.6264647278 4.0
15.013300662 20.3745079147 4.0
-9.5688687591 -14.2826198451 3.0
13.7949333372 15.585096896 4.0
-11.5679368577 3.16958756572 6.0
3.06835145693 12.9652203519 2.0
-2.05753000152 1.20743993469 0.0
14.4054754259 14.8255013635 4.0
-4.33875950269 -9.68442618612 1.0
11.0292451386 11.0225093701 2.0
14.6897725468 15.2043499025 4.0
0.98525442182 -4.60864487847 0.0
-15.0098671839 2.77055186503 6.0
6.01292840982 -14.8072596986 1.0
11.4776254035 5.69684021825 5.0
-9.72623983294 -11.0410799312 3.0
-1.65881435547 10.3053869261 2.0
5.32841002267 7.389602083 2.0
13.9232383741 -2.08624754372 5.0
6.0646675996 1.9049189351 0.0
-9.80994520266 -11.0505478277 3.0
-8.88454849013 -18.004509843 3.0
4.74616646025 11.7673997427 2.0
5.9102017367 9.08954344341 2.0
-8.59196223457 -0.61709877439 6.0
8.46021856493 12.41853626 4.0
11.7226581118 7.99365869656 2.0
-15.6118955081 4.66748906414 6.0
10.599343304 8.03356801471 2.0
-2.30795426661 -5.42288562499 0.0
16.4632192959 16.8144554101 4.0
15.6843127602 9.69854026527 4.0
4.33702207052 2.91685592487 2.0
-3.35004592034 -7.7076230483 1.0
19.5810573711 3.48390013135 5.0
13.2536447089 7.13180305107 5.0
13.543563843 22.3155889108 4.0
1.43481431694 -9.0731408757 1.0
-10.7833217659 5.02721671062 6.0
18.6407168699 14.7848657038 4.0
-6.66931131421 10.7178437913 6.0
-0.242840361805 -11.1053508859 1.0
-11.5632815106 -2.48791932987 6.0
-0.181062929309 4.36723117066 2.0
1.79404014221 -7.25459878882 1.0
0.134382229787 5.53404055835 0.0
-5.66978575388 -11.1657094918 3.0
-2.5996708713 -10.7125651723 3.0
-8.81743248047 -11.8721836291 3.0
15.5228826825 12.2125899859 5.0
4.46755682233 3.75818811532 0.0
1.24461335291 2.66468133694 0.0
-8.24564373388 -7.57559757004 3.0
-9.64042807425 4.94478401142 6.0
16.6655072109 8.01915794723 5.0
4.18102740446 -0.179538905146 0.0
-5.9635481695 -0.749909972379 0.0
2.78293444597 -3.08777962735 0.0
9.70008169119 14.518338276 4.0
3.17392269829 -14.3411027976 1.0
-12.9184107928 2.97209715446 6.0
16.4436467476 4.65948108334 5.0
7.23657560302 12.072624839 2.0
7.84449041928 14.1488392597 2.0
-13.6671071346 -12.1180920374 3.0
7.80521184542 6.00117942767 2.0
-14.1003741149 5.8324770395 6.0
-11.4769771923 -12.0167180183 3.0
-11.2958485153 -15.994074993 3.0
-4.26020038399 3.68862800404 6.0
11.0869895594 15.7004820897 4.0
14.8204673819 14.3515649646 4.0
-9.03849932563 -7.45333843379 3.0
-9.32479101598 -11.4496968272 3.0
14.6627781397 13.4516398097 4.0
-0.47423002773 11.5744448984 2.0
0.749744388662 -9.93399825264 1.0
-16.2121849751 7.45037307715 6.0
0.916281926673 13.5608092266 2.0
0.0445123509041 -1.65430559376 0.0
3.05133546489 -5.625206073 1.0
-3.76683385726 -9.37567890434 3.0
18.9865363802 9.5911339252 4.0
2.79658871621 5.58334200678 0.0
-2.22382601319 -9.69009238496 1.0
19.5594003819 6.59318541034 5.0
18.1116948574 8.07333279609 4.0
-7.64595634026 -5.67081555571 3.0
-10.9584656481 -7.90389485386 3.0
-11.8714982366 -10.040508459 3.0
14.869487179 21.6659874334 4.0
17.4831558269 1.00189434395 5.0
6.08505584707 8.21609726434 2.0
6.28345177074 -4.41324115212 0.0
7.36632636416 10.3284814821 2.0
-15.9497935331 -8.72808094722 3.0
0.538532442245 -16.8525145771 1.0
-13.7064716612 -1.67841914472 6.0
-1.60279892966 -0.289087696803 0.0
11.1292778916 20.5850821131 4.0
0.292621602448 -1.62871636141 0.0
2.31884152765 4.36419693099 0.0
-3.79848437283 -5.8929796289 0.0
0.483858865984 -15.1486139535 1.0
11.974566902 9.43779439266 4.0
1.29661716118 -1.61200365295 0.0
0.135248914283 -11.1335263698 1.0
6.81979940333 11.227662668 2.0
21.6870973874 12.663846638 4.0
-5.31868752775 -7.15618390347 3.0
2.99639861241 13.0118207982 2.0
-3.84186615708 -15.1186377718 1.0
22.8342275398 2.79312820984 5.0
-9.04036585648 -6.25348157254 3.0
-7.16368638844 -7.21918174124 3.0
2.30764123838 -4.63288957697 1.0
17.985780738 0.447379649563 5.0
-4.8683046265 -9.53947134709 3.0
9.12944396469 10.5509698313 4.0
-7.51986749479 -10.385670467 3.0
18.313177295 1.31111341341 5.0
-9.83268534173 2.62765161073 6.0
22.2662393164 14.6954161466 4.0
16.2640044744 5.03250035959 5.0
20.4109489803 0.644048627195 5.0
-2.22338733597 -2.71277110027 0.0
16.9913408346 7.62751424465 5.0
-3.85995532767 -11.4700310542 3.0
-1.99565494927 -8.00132677304 1.0
-2.901492188 8.67073766882 6.0
16.2689083053 5.00298586504 5.0
2.49975997602 6.19124115788 2.0
13.2544092081 9.99522414459 2.0
-0.0792228289137 -12.0506752742 1.0
8.89725382519 5.16046709633 2.0
0.182357596021 -0.812787105438 0.0
13.4001307891 7.69637805451 5.0
-8.91484616351 -8.5493147769 3.0
-0.389657650507 1.00462857276 0.0
20.9466838475 10.5554707106 5.0
15.468086946 16.8416473236 4.0
-13.9383309166 9.44175686721 6.0
-16.9784357518 4.61964911537 6.0
0.405299965247 -12.5561043657 1.0
-3.64513537602 -8.64696277167 3.0
-9.81154955012 4.72569035478 6.0
11.6016507782 17.1036990183 4.0
18.0460842609 11.0999287706 4.0
-14.5405664618 -12.9754409495 3.0
21.8187804407 0.0322409526838 5.0
-14.2564861001 9.43594578583 6.0
8.08830432823 -12.6164640051 1.0
-9.06549062478 8.06224169456 6.0
0.696598392903 -9.38414527839 1.0
-10.2640845642 -10.9708426374 3.0
-9.99745506436 4.02154637832 6.0
-10.6653052061 -5.21903168344 3.0
17.289613754 10.2851185608 4.0
3.08849633444 -0.70285527108 0.0
9.73306974876 14.5053013829 2.0
17.8844748099 -1.64818445743 5.0
20.0473637643 9.14857109004 5.0
-11.1123744593 -10.8744933427 3.0
-2.74292411266 -7.34291930322 0.0
14.6327357854 4.78019695625 5.0
-10.3536485223 10.0398410748 6.0
10.486990517 15.9215667558 4.0
-6.13892942084 -4.62562851254 0.0
14.6470916648 3.92515536831 5.0
14.3722639402 12.2077842183 4.0
-3.76358959486 -4.31906800532 0.0
-10.2769457951 -9.41651969589 3.0
5.61084975928 9.29622216883 2.0
-4.36155206731 0.416493028577 6.0
18.1832470209 2.26571752388 5.0
16.6295802224 4.46358576576 5.0
-5.17964112887 -13.8499325275 1.0
-8.80648769119 3.24362523565 6.0
-9.79906999209 -9.26698397336 3.0
-5.076536607 1.6234766078 0.0
-5.09023280062 8.30434362959 6.0
-0.773992746483 -4.53508893909 1.0
16.3331742976 5.29923398577 5.0
2.38527323352 -6.01807436664 0.0
3.35036651371 -1.61017294813 0.0
21.3705896461 4.24013118797 5.0
-0.13777327786 -13.8496069648 1.0
-8.83213163219 3.38241869149 6.0
4.42839969491 -16.0417128181 1.0
-3.02352854483 -13.0739029757 1.0
-1.24693625157 5.482146418 0.0
2.58961457061 -10.4505917897 1.0
-11.4746072513 -4.44158893311 3.0
13.1239831502 19.3423040433 4.0
-0.787544725792 -14.5146644324 1.0
-8.04100773521 11.4890499761 6.0
-16.5235100792 2.63314074884 6.0
11.8484110961 1.42491630197 5.0
-7.04142678809 10.9987414677 6.0
3.49112475041 -8.58932922605 1.0
1.34433408447 -0.909771825653 0.0
19.6619239705 7.97028343758 5.0
-6.36224040154 9.26993654034 6.0
0.634039606635 1.58862819695 0.0
-5.41525413156 -16.6934762824 3.0
16.3324398798 -2.09066856833 5.0
10.144405907 3.58488473734 5.0
5.23404259357 9.98429271347 2.0
-14.6382570122 -7.8432464335 3.0
5.8506074963 -7.49830849016 1.0
0.799649413581 0.973069113228 0.0
-8.73178083506 -10.8529641038 3.0
6.50056807366 -16.0532243336 1.0
0.238129033656 -11.0011137839 1.0
4.14722096686 6.71855597684 2.0
9.13010252604 11.4421340557 2.0
7.08030060112 9.76506682394 2.0
19.3278495172 15.1912772193 4.0
-8.68253811257 -10.614870357 3.0
5.39477756376 8.24236649185 2.0
-11.5408789035 2.61581992346 6.0
-9.84008258525 5.89038626952 6.0
19.5749943869 3.99309342694 5.0
-8.35876437138 -9.4274783235 3.0
6.82291916734 9.22701507236 2.0
9.23716814119 20.2121924553 4.0
-2.26242668459 2.69698991038 6.0
4.06347802155 2.76475817293 0.0
0.454104597977 -10.4095161486 1.0
-4.1421489018 -1.44363968625 0.0
-1.71776254806 -6.45142884255 1.0
16.2485247775 6.95328357531 5.0
3.52097010958 -16.070331792 1.0
18.5091486177 20.6824128273 4.0
-10.5924591156 5.1009499444 6.0
23.5891113535 3.01681119545 5.0
5.48443352674 -10.8843589368 1.0
-11.1646209288 5.25369041478 6.0
-5.76854102949 -9.57109556469 3.0
3.54743160917 11.5476919648 2.0
-8.53714178602 7.94809173269 6.0
-6.26476070631 -13.5780701358 1.0
15.7614900098 5.7540072985 5.0
-7.28552759715 3.63370607758 6.0
-13.8636875202 8.27436774175 6.0
-0.168852200319 -0.936731788275 0.0
15.1318765671 14.3931125649 4.0
2.09370871827 4.42952687523 2.0
1.84374955302 -14.2088918609 1.0
18.5639597958 10.6191940043 4.0
4.88921033327 5.0386045068 0.0
4.40124299772 -0.057730752444 0.0
3.04639724669 0.0683285438986 0.0
2.38778587579 1.69718748335 0.0
-9.48519831796 -10.865893702 3.0
0.140076664699 -12.1666046014 1.0
0.344006389662 0.452957680408 0.0
16.2291535436 5.20434458359 5.0
2.60549638379 -3.83246082098 0.0
-10.416287369 -12.5591901809 3.0
13.0510668312 2.60005968113 5.0
14.1686529908 16.910639622 4.0
-10.0719490551 -6.8999146364 3.0
5.23803442678 -9.11083053643 1.0
-3.1743157608 1.22442215897 0.0
12.0439832847 17.4309827745 4.0
-2.61305284042 5.07625311469 6.0
12.1226640152 16.6780587741 4.0
14.4907313538 14.7988028274 4.0
-6.2622054024 1.03443456369 0.0
-12.9129122895 -12.027169007 3.0
-13.8642206705 8.19600301631 6.0
11.6639965326 5.55811820449 2.0
5.1362196881 7.12151318046 2.0
14.7640492906 4.82722063698 5.0
1.72414853344 -11.4305711755 1.0
9.63791954241 10.3371495656 2.0
-13.8393888475 0.00684178564205 6.0
-13.1800898346 7.5595876262 6.0
11.9774865366 14.9835365102 4.0
-11.3161446897 8.22123745931 6.0
5.41709812731 -0.384332053705 0.0
6.40826744349 15.1222298508 2.0
-6.18179037911 -2.88474660596 0.0
14.9603892809 20.8877011337 4.0
0.952669674952 -17.7206071751 1.0
0.246591295812 -5.7775317228 0.0
-14.5803419509 -16.1107043576 3.0
14.394893976 15.0518587117 4.0
14.9458555008 3.21929444741 5.0
8.94202257003 17.226062261 4.0
-9.33973583311 3.67183076843 6.0
-1.53501016481 11.608167317 2.0
1.0634305348 -13.3708698603 1.0
-1.26612273122 -7.31141507249 0.0
-4.23990088223 4.0526845948 0.0
19.1158493506 19.294628711 4.0
10.3858400346 3.14607277563 5.0
-6.29940301202 9.19108664127 6.0
-7.52917613056 3.79912867443 6.0
15.8427167106 4.60381860833 5.0
-5.79341709833 -8.45644828184 3.0
-11.7221875008 6.64158461552 6.0
10.5204153963 15.7835188056 4.0
1.72809599053 7.20525499837 2.0
-13.7955985189 -14.5593088198 3.0
0.125261177474 10.8227607368 2.0
-9.98757921276 -2.87415407651 6.0
2.32969364721 -15.9786353249 1.0
-10.8252182134 4.14319696064 6.0
5.65190224922 9.48370079108 2.0
16.0790811813 5.13018696589 5.0
2.12959219856 -4.18972808223 0.0
-9.81725904251 -11.2076188103 3.0
-3.9820127492 8.0121272132 6.0
15.8885168051 4.97185656968 5.0
-4.12114403638 2.22150176937 0.0
0.667000972911 -11.7966831974 1.0
20.7599740892 15.7860335366 4.0
-8.57132037083 -5.41126095747 3.0
5.65421729058 8.98536353603 2.0
12.7524850508 1.17140532609 5.0
13.2653203282 11.998640936 4.0
15.4156080817 11.3512148655 4.0
-1.98563916734 7.07558220431 0.0
3.38696847954 5.15160403927 0.0
0.240270318083 -0.728627318762 0.0
3.53610267538 7.11771513971 2.0
-2.10872256685 -12.9610458195 1.0
11.9036792322 9.9754909778 5.0
-2.68497955162 -10.8668952834 1.0
-11.9340165713 3.37713181553 6.0
11.1795732645 18.181526271 4.0
-16.1374607447 -12.5741113706 3.0
-10.2263369651 -10.3902690067 3.0
20.2165994443 11.5502672804 5.0
13.8171235635 4.84016524505 5.0
-2.8326046689 7.26898252398 0.0
-13.8919748646 -16.6657230948 3.0
-8.44898620347 10.3674231621 6.0
-0.0896260965888 -0.0940017729047 0.0
11.6073537698 4.47980914048 5.0
-7.67305758682 7.21006985562 6.0
-0.976177453585 0.291565154076 0.0
-1.81826607956 -15.9998741071 1.0
-7.41009277742 6.95374540247 6.0
-9.78131424541 -7.91326828143 3.0
-6.5430167434 6.6002391741 6.0
9.26189807611 13.2636757027 2.0
-9.50132127658 1.12459361254 6.0
-7.83600313429 0.38525068972 0.0
17.2078849211 9.42415660983 4.0
-9.81582939409 4.26804102624 6.0
8.29347142903 12.2751948193 2.0
-6.62110367343 -16.7601660516 3.0
-9.07270750292 -8.84132975944 3.0
4.63223958457 7.56267246427 2.0
20.0879157246 9.71466755616 5.0
-6.75009920518 3.37993636387 6.0
0.873175239476 -9.54476788083 1.0
7.25545766127 14.8361262618 4.0
-14.824264256 -15.4611703085 3.0
1.19216285176 -8.96972544234 1.0
12.4991561044 16.9650044332 4.0
-0.318943476859 1.32381691256 0.0
15.3315096064 1.86471953545 5.0
0.0848941271138 2.09574358721 0.0
-9.43513237219 -13.9359104192 3.0
-1.92012157913 -11.206732449 1.0
7.17861799484 -8.93399303061 1.0
-6.36908733848 11.6981027265 6.0
3.94859177844 -17.6510408174 1.0
-9.37415847471 0.224681747321 6.0
-9.64398407098 -0.960694519255 6.0
10.7543247857 19.5406666245 4.0
-2.55110655013 -11.860007118 1.0
-0.447057468021 0.472782247383 0.0
-2.26326713571 -4.54502024564 0.0
11.3062291024 12.5920991337 2.0
-0.557086993571 -1.48782175207 0.0
14.7032483906 15.0273486185 4.0
-1.10441051129 -11.652893664 1.0
4.74848767891 10.796303777 2.0
15.7683053308 4.82759568037 5.0
-13.5433850252 -12.4908716542 3.0
10.1255896606 20.3892968961 4.0
13.5512924931 3.20656176693 5.0
-4.26451330999 -1.08931590438 0.0
-1.94880555975 -11.6505895489 1.0
3.51002061058 -10.3954980923 1.0
-5.89764598684 1.40101275021 6.0
10.6182191903 10.3445754089 2.0
14.2214361632 12.7707948469 4.0
0.218285446236 -0.692468180919 0.0
