1.1888594488575497 11.489139518027411 1.0
1.6650309717368776 11.81970083810646 1.0
1.9698947170668726 10.517649609747217 1.0
-1.1526247442137783 0.9601311499585372 0.0
-0.6957903327916876 -0.9708480059639593 0.0
-0.19336298546971847 -2.3575397976576506 0.0
-0.5167551240760703 0.4400907561556869 0.0
2.0265728842818036 1.3938295501756346 0.0
-0.28407712328228224 0.050106200490117124 0.0
-1.4594217990208433 -0.8724750878491745 0.0
1.2955014589448341 0.8718275110365067 0.0
1.8679858737721133 9.17550720598815 1.0
0.6852518762259678 12.351538753471917 1.0
0.6469046899349019 0.8317999106469709 0.0
0.13161657710870558 0.14813320152441334 0.0
1.3040484969744064 8.92805069441022 1.0
-0.7385512524031728 10.495162802981273 1.0
1.6036877746093383 7.59960860579551 1.0
0.548660924698853 9.573608502923431 1.0
-0.7572811738562498 -0.565281047016246 0.0
-1.5657367541573854 -1.4103280857237057 0.0
0.3292597997301825 -0.1934438637852316 0.0
-0.71302885878206 -0.7608276437446406 0.0
2.8685608130393554 11.298884557498024 1.0
1.568239274421144 8.178429840210232 1.0
0.41135547243105464 8.82361164483811 1.0
2.260904241748303 9.0744789626101 1.0
-0.0712013889203926 0.0967596850394796 0.0
1.0049001573542464 10.112876239128218 1.0
-0.19427729750869638 10.327920095205435 1.0
0.09565417649688945 10.067925914118108 1.0
-0.4260053795670459 0.8380109333461312 0.0
0.7230563455166078 11.00356167832357 1.0
1.3584979741239156 -2.0562240718903815 0.0
-0.3990531092282358 -0.3713720070606877 0.0
2.2692692457817127 9.914666043846736 1.0
-0.05462919398528854 9.67729208439442 1.0
1.158442113927165 9.740369536042119 1.0
0.16091532682181106 0.14536142220365975 0.0
0.5620774712560165 -1.7413319612970621 0.0
0.9268141570789868 9.540371435973219 1.0
1.499373034619863 10.043234775989701 1.0
3.254265053218459 10.1616432377945 1.0
0.11003043555415397 -0.16724626552933972 0.0
-0.45335050790767206 -0.22835352149631624 0.0
1.2470479089282185 1.563050760351041 0.0
2.233672005430394 8.903397319883023 1.0
0.8691968742684354 1.9219794136810757 0.0
3.5361859807549423 11.454029531247397 1.0
-0.4100060434467197 0.14511362814946122 0.0
-1.566206881389336 -0.015827650012926835 0.0
2.113179360461464 -0.10003111337167997 0.0
2.260934231995532 8.66627061813655 1.0
-0.05999954952820308 10.851917196951494 1.0
0.7904413642514523 8.53466593521748 1.0
-0.9573100902560912 -0.14038621761962483 0.0
2.3537025078304468 9.88222371262923 1.0
0.8112817960997085 0.7812621151856282 0.0
-1.0646428307596831 -0.15639111498956376 0.0
1.9842754894212942 0.9478895723360433 0.0
3.418542058493961 9.455827573210792 1.0
0.7279978448443393 10.77380931950558 1.0
-0.7581948253921881 -1.04309236603686 0.0
0.6054275763699494 -0.2156739512515859 0.0
0.49877041715725934 10.496683272510534 1.0
0.7682570827870128 11.179618888245667 1.0
1.20729105909327 -0.9571300915335579 0.0
0.5504884120280232 0.07086503459464791 0.0
1.7410665019653209 12.083358729412668 1.0
2.3688141748559888 9.56550934974642 1.0
0.2846564281057961 -0.8259915380636282 0.0
-0.1281023200274208 0.43258194821004414 0.0
0.7401264363880908 10.238974087810544 1.0
-0.4238406401981403 9.220781630952656 1.0
0.4401223586093862 0.7933862827785996 0.0
1.6990703249460706 9.798956667508389 1.0
0.6468855927092614 11.843979080844244 1.0
1.0503477937517804 9.852015732876065 1.0
3.2124849142642664 8.2466201970559 1.0
3.9682259856177504 9.731476809124217 1.0
0.058714304053446846 -0.031986895629742114 0.0
3.4724363755827596 10.603108522947956 1.0
-0.23119370339931541 -0.5215890298768315 0.0
1.672739775529722 0.7697793693166 0.0
0.04084112856695597 1.0990599167722284 0.0
3.7942795997954164 10.058301858635208 1.0
1.6481054443386853 8.913711206195885 1.0
-0.5472442491350971 9.582709302806908 1.0
-0.05842775851588262 0.5775934216156068 0.0
0.8496941302909881 10.398492851992527 1.0
-0.6547014123906739 -0.5332751821978453 0.0
1.9413442113614199 8.29838635808915 1.0
-0.44606160083523855 0.029120267342584716 0.0
-0.10988490850898786 -0.7896524072733477 0.0
-0.5480989458726551 1.4920369978863537 0.0
1.2827145313835384 10.748809518540112 1.0
0.15842497641646786 -1.2912099840050175 0.0
1.4771773138385453 10.312414821331187 1.0
1.509513424040714 9.992615119736602 1.0
0.5615277903887556 -1.0453665128042708 0.0
1.485539253509189 10.30176670424315 1.0
-0.06137162454006899 -0.12120562373316572 0.0
3.7131465023393835 9.637171707858629 1.0
-0.699176411348422 1.0713617507570092 0.0
1.251769105864378 -1.0260878980332147 0.0
-0.05249297168952305 8.285522900220489 1.0
-0.5233751119555764 0.04286973441807454 0.0
-1.087203809988352 1.329523833232217 0.0
3.5436578739112554 8.997253771633403 1.0
-0.0836282617553648 0.1201859985106569 0.0
-0.08846362600252619 1.4665679856037115 0.0
1.7412996805128012 0.25691021986108614 0.0
2.320370243256491 8.675429430468263 1.0
-1.733934602056037 1.4828943876092404 0.0
1.827202040283623 9.82231669503706 1.0
-1.661695045623884 -1.6195884825230866 0.0
-0.7189428712193723 1.1009213191928968 0.0
-0.8328185181007273 9.731171285094568 1.0
-0.09875098541167215 10.701524561548117 1.0
-1.559196962376671 -1.1557242904330252 0.0
0.6344741469297315 -0.6681806819465026 0.0
-0.028998798001739174 0.6631996766433639 0.0
-0.30904567202535665 1.069905744720412 0.0
2.195527714267647 0.13369787145644638 0.0
0.8600436414568304 0.5570107545058516 0.0
-0.05887061989947031 0.07869242166591588 0.0
0.7426040930824129 -0.7929969677507334 0.0
2.9733429561846885 9.314151572398803 1.0
2.5930292225612916 8.751672597313515 1.0
1.3614521299447127 9.155017167444715 1.0
1.6405080835233572 10.170411773122524 1.0
-0.20419954173849902 -0.05174278922064948 0.0
-0.33303435688399663 10.205845992156839 1.0
-0.04419948010837832 -0.07380471797511466 0.0
0.9815664640089541 10.512779808159978 1.0
0.2559131447632614 -1.2940733967041023 0.0
0.16995239551832997 9.382869660055642 1.0
0.187743292671226 0.07336281031578418 0.0
2.5606440399001946 11.391296505504677 1.0
-0.05246905658801692 0.2102365073145147 0.0
0.31465742849443057 -0.8923263362889219 0.0
-1.3383297936377208 -0.21722421694887456 0.0
1.968310992330352 10.647082865994275 1.0
2.6759366701616685 10.091363074742882 1.0
-0.5293697312087176 2.209959470520773 0.0
1.0147279706280663 9.427783698196455 1.0
-0.03460195274173978 -0.37810492218439 0.0
-0.2628931289491303 0.7659089800463198 0.0
1.2184102434550297 -0.09645888555078114 0.0
1.5845336824102656 0.4950897324197307 0.0
-0.05372450284874754 0.040909162223666716 0.0
0.13596333646634354 0.0350291112981474 0.0
1.6065774213395378 -0.622433253399629 0.0
1.2031247324380747 11.642681129779405 1.0
-1.8365014865664473 -0.9971566970309799 0.0
-1.794176174249397 -1.2590288393640636 0.0
-0.0798168542900486 -0.6919631628499869 0.0
-0.6013889115123248 9.344265886383152 1.0
1.824216193123759 11.866024216812642 1.0
3.027459218832136 11.769240441706586 1.0
0.5239906789127813 9.858191012455155 1.0
0.26966062126544 9.449907441192016 1.0
3.7076842119295055 9.097787415882422 1.0
-0.07028504441890052 0.9332049644451852 0.0
0.5493372248600172 10.167742450062041 1.0
2.911122228944664 9.760271241824324 1.0
1.379989737631439 0.3927077657287615 0.0
2.0773742054116133 9.08440490920274 1.0
1.8713907155992204 10.220478344370878 1.0
1.9022379046155435 1.3293342138543562 0.0
0.5200096528563369 -2.415680141369488 0.0
-0.006539042502781322 0.29241958697232934 0.0
3.1098519959791266 10.152658352038085 1.0
-2.4023826210826384 0.5220687099806772 0.0
3.2873740456129026 10.394502629833184 1.0
0.8895477087719421 9.271827646768148 1.0
0.14184239076167335 -0.12043183405872096 0.0
-0.20947547948704845 -1.238422000619063 0.0
1.389344161987021 12.463247360642876 1.0
0.8326556600553201 9.211077070755161 1.0
1.2124860995392133 -0.77414445809883 0.0
-0.051519069662144444 0.28794873365240853 0.0
1.3549738089326018 10.41638262180639 1.0
-0.7204221822536795 -0.20795562575406096 0.0
-1.1019925457022832 -2.1961079040041276 0.0
1.7272928586436396 9.697971268453953 1.0
2.02306537631937 -0.8883874627072362 0.0
0.8271572640844638 1.1689447631949919 0.0
0.9526903633774639 -0.29403972883936436 0.0
-0.23418922701808073 2.084493188123622 0.0
-0.2065154046219061 0.5604685743270321 0.0
-1.0526988656670877 1.1402826808338855 0.0
1.7895427642090906 1.0154895112364624 0.0
1.4018817700053365 9.963686506742345 1.0
0.27755853381726886 0.08034618981986962 0.0
3.731518417837832 10.260755457765866 1.0
-0.09578525925362645 0.25892342056303636 0.0
0.942920392127348 1.1702843916046766 0.0
2.9061168357636484 10.651046928493127 1.0
0.5223656880624307 8.898106078217717 1.0
1.534180698375995 10.0420176939489 1.0
0.7833420730448781 1.6205224688935282 0.0
0.3174694482657623 9.923896116818367 1.0
-0.8908425939841353 -0.021466758327999654 0.0
-2.3926513177696442 0.31591304504208423 0.0
-1.5501505459342435 1.9329011920357704 0.0
1.4374148993444325 9.796183504055788 1.0
1.501173154007869 10.078456439294174 1.0
-0.6857984378117661 -1.1556770260952813 0.0
-1.3357297457653319 0.4423662003571421 0.0
1.1216303270145185 0.5202543308891295 0.0
1.6606852383897177 10.538137229861672 1.0
-0.7529281115255566 8.99864942792814 1.0
0.8172437530805248 0.3099401766069739 0.0
-1.115081320514699 0.7772612647258114 0.0
0.7075160014341472 -0.5444768752667248 0.0
1.2431869163297158 -2.0367867452652675 0.0
0.010297700680622551 -0.44200111707949347 0.0
-0.022085033768371974 -0.4294126833000665 0.0
0.8805384121965758 9.937769353242956 1.0
-0.16872706263695603 -0.2221219455702153 0.0
2.5861241938551833 9.920486303737604 1.0
1.4212005915654873 10.047926360967827 1.0
1.4111912738117869 -1.2190062942859994 0.0
3.0943385951630136 9.7713346583585 1.0
1.3966779441657011 9.892093827867818 1.0
-1.246029879584203 0.1443908493648358 0.0
1.4217762173990778 10.672200336775855 1.0
1.657916754553977 0.28547479530577247 0.0
1.738168183637213 11.826434642106754 1.0
-0.7467912592745516 -1.8599009762111356 0.0
-0.20948574146432872 0.15179598515351128 0.0
1.6301158481283693 9.63198765442487 1.0
0.1560548059300435 10.743006664606341 1.0
-0.4785096474192185 -0.9487938654198019 0.0
-1.379589929733512 0.9772517183548821 0.0
1.0208207184160834 -0.3449557179225403 0.0
0.838727671475916 -0.8710802320466053 0.0
1.492777472752806 10.06265653830653 1.0
0.6225457447209626 7.949813707617257 1.0
0.18281487588402687 0.09811702623712573 0.0
1.7472301290180317 11.260445410359981 1.0
0.33695969047119506 -0.7595607980434061 0.0
1.732548936630478 9.926176453192188 1.0
1.4267602637749575 10.912453719140187 1.0
-1.7706125302147397 1.6607685640577703 0.0
-0.9778375265021495 1.2398989769013085 0.0
0.6826807804222631 9.228248020171934 1.0
1.4759412357288921 0.8832635413876095 0.0
1.942155992876176 9.086403906722387 1.0
-1.8288587771803237 0.23913898902537462 0.0
3.0944666985403186 11.001775232158613 1.0
2.110235346230835 10.41247251062984 1.0
0.8055456806921651 9.71523967367468 1.0
-1.3485060885646873 0.284452261166972 0.0
-1.9995602452967287 -0.6475795640837968 0.0
1.2543630787325935 9.727915778950887 1.0
3.909644853201457 10.300277841891724 1.0
1.279611198125432 10.101135086663579 1.0
-0.1697775808250084 0.11320887972738827 0.0
1.167328457861041 0.5827157039808798 0.0
1.8565618776699968 0.5374161077182275 0.0
-0.5158544975810655 0.5165627055417846 0.0
0.1876464358392874 -0.5857249579222875 0.0
-0.25243396180092975 1.0509303498201628 0.0
0.7747231012967252 9.832092961300383 1.0
1.6696743535608767 11.537050066967858 1.0
0.7014991784915848 -0.9601870546823605 0.0
-1.4527372845524433 -1.4231150533316952 0.0
-1.7703201358355263 0.35351034789792335 0.0
-0.021130451196211566 2.2570602232945323 0.0
1.5201542188277262 1.490171985973078 0.0
0.20374596434644135 2.099599395308926 0.0
-1.1948442077017996 0.666382793378084 0.0
2.9899818218516767 9.6340263579013 1.0
1.275165745300655 10.731996789569706 1.0
2.8171863079365105 9.097499025132313 1.0
2.2220756184519788 10.395446258277317 1.0
-0.07445414150800646 2.0024744375387566 0.0
0.4000407355047651 1.136177640568584 0.0
1.1611858328043392 10.236604327788788 1.0
1.8551037483083685 8.139136102638627 1.0
1.2864403842915968 11.133041165055811 1.0
0.3612837452062922 -1.279473842832718 0.0
1.3482444142081704 9.963269297243833 1.0
1.2650086925317892 7.845363766837415 1.0
2.959637706877476 9.991425553609433 1.0
3.681586324763097 10.523719242919316 1.0
-0.9704057897256948 0.06895341290865782 0.0
2.540337752884562 8.39711005092733 1.0
1.9587042755937274 10.519218773496858 1.0
-0.4325754862601425 -0.05961415428875585 0.0
1.1118236576310818 8.562110877149856 1.0
1.432220175134569 10.001321325290087 1.0
0.6679197563100296 -1.3598655734177114 0.0
0.4812102436627436 2.31705315627765 0.0
0.9237417263248874 -0.2694050556389195 0.0
-0.8257947374043814 -0.9093550958218931 0.0
0.4325472276000547 0.6784179499196329 0.0
1.262374202050772 8.278921347392796 1.0
-2.453620266906537 0.22109625600025873 0.0
-0.5319595495839924 0.5238327893582582 0.0
0.9291908997271358 1.7932719703201223 0.0
1.6257237734277024 9.442586176814062 1.0
-0.25726756770925224 1.9327049409583879 0.0
-0.9261753613659529 9.92057325573712 1.0
2.028416489566797 10.569433105287937 1.0
0.2684974153215877 0.38009533896549397 0.0
-1.1272479159578281 1.3923737090417991 0.0
2.7661479468534957 9.37857238521465 1.0
1.601123206315044 10.676591792391813 1.0
0.45998233722335674 0.6542142881550906 0.0
0.28205625657250233 0.1452543901064939 0.0
-0.02702050500428308 0.09647719016155724 0.0
0.8670067782595482 1.1573710455013928 0.0
0.18222464789393075 0.30220555617617295 0.0
-1.6797695705768119 0.005117044420283528 0.0
0.7586051314672282 8.162501980082746 1.0
1.4711097873631387 10.04200391155316 1.0
-1.768060214651983 1.5924448479016342 0.0
-0.04859694315210562 1.4197238907544532 0.0
-0.5648661786625203 -1.7201491742879138 0.0
0.41970863403387465 0.2179817227873791 0.0
-0.8179121546126873 9.911160854904475 1.0
2.0086435820985216 9.570235572218042 1.0
-0.29637112768507284 0.3551313566424825 0.0
-0.46663103159648067 -0.6586272849272324 0.0
1.0723272725591313 10.396451972225105 1.0
-1.680703150048234 0.5240936068924713 0.0
-2.080121333485974 0.15793211447439945 0.0
1.124394681332285 9.836593061996256 1.0
0.6206996697720769 11.175863833914951 1.0
-0.7675196042182135 0.7750706636620097 0.0
1.6087154924652811 10.910302086090782 1.0
0.5863858625925005 10.403612738874582 1.0
2.764657077777893 10.33703542619099 1.0
1.630313390188118 9.35329053932325 1.0
1.9170830906061824 1.436957115442768 0.0
2.632229697560021 10.642907205392525 1.0
2.553218619633787 11.085386341514937 1.0
1.2772934281122463 0.740545729508 0.0
1.3212977843016174 10.007717687865176 1.0
1.4533455517712208 9.946903274228141 1.0
0.7591345575949282 0.024014656836142977 0.0
1.3834415348937554 -0.03436682397128001 0.0
-0.8594558440094437 10.583437231452978 1.0
1.3002580697585444 10.10823256506426 1.0
1.5724033180922414 7.9764194695376816 1.0
1.71683662813734 9.376101014443668 1.0
1.557801890304226 12.091288625031837 1.0
-0.6386498900607738 0.6873122070827495 0.0
0.5187985914961963 1.94076466893766 0.0
0.2137568098490658 -1.4180591986961035 0.0
0.5970524643403664 -1.1679334462053705 0.0
1.5214280433364669 9.568388539758972 1.0
1.3064176549158746 8.514549950304401 1.0
2.1439706352603056 8.68544245410352 1.0
-0.6390695446928484 -0.067471028401265 0.0
1.7172898877066383 12.159827855950374 1.0
0.5865773414380767 9.754746007642298 1.0
0.2460143445086645 -1.310992474788776 0.0
1.4819243502459696 9.881664908645668 1.0
1.4749828982677609 11.213388689515915 1.0
0.9676903036875254 9.804939445194778 1.0
1.2389093177382193 0.2896013191872225 0.0
0.039701653655579615 -0.06232179457668576 0.0
1.3871152402193192 -1.1787206857119479 0.0
0.5697898534858796 9.70693832122369 1.0
1.4818825620395062 10.303643868211859 1.0
1.821366227464913 10.055040571846769 1.0
0.7223481232206185 9.507090201094929 1.0
-0.015776519245924644 0.019712129090813015 0.0
1.8419182643062164 10.68943271194455 1.0
1.8839443983956574 8.301429135586448 1.0
0.6153879795869082 -0.2936720101541417 0.0
1.1212180127566076 -0.5600362457071534 0.0
2.2689359297865908 9.697978845893143 1.0
2.3905091612777714 8.347311720910144 1.0
-0.4136481396321272 1.98378949887555 0.0
1.4798670933998896 9.71077268678825 1.0
0.08882979057168916 -2.35334193173012 0.0
2.34503188218444 9.165009720396998 1.0
3.5952041408268074 9.424592019817572 1.0
-2.057587954629655 0.8936161234762048 0.0
0.015328696540247 0.17194047895599746 0.0
-1.8188901417640944 -0.33660512866005554 0.0
-0.03702273835346803 9.970244737368557 1.0
-1.6841722505448424 1.5859869985894435 0.0
0.029341135663677107 -1.1583134060775209 0.0
-0.2165004970388016 10.73204295050012 1.0
1.535040920565999 10.02678218665919 1.0
1.055656577494518 9.830924548559173 1.0
0.11573435317923297 12.05816310830436 1.0
0.9403813119132878 10.190234456855155 1.0
0.23880150656430957 -0.7705852513311505 0.0
0.05702426281287579 -0.8287771673075556 0.0
1.597107064813377 10.061443570328333 1.0
1.7414617738809721 -1.1269400289284814 0.0
1.2399339126003346 9.952723773133387 1.0
1.7328098103369325 11.96046362361414 1.0
1.5246504961717213 10.492568331668645 1.0
1.1474519313012315 9.834027679646363 1.0
1.6201432391967812 10.497593612178267 1.0
0.34216984302435804 1.0553494682752151 0.0
1.5992380969270832 1.2942825938882592 0.0
0.7898086427790719 11.382505363773477 1.0
2.2095451007193976 -1.1229115486373862 0.0
1.3343385983580758 11.41809453614234 1.0
2.545592902673032 11.982946661292543 1.0
1.2670310053459486 12.313931947242297 1.0
1.935360266607041 9.893119441452615 1.0
1.9513749044643511 8.589692814940033 1.0
1.454622971247103 9.941967064322043 1.0
3.758734060169927 9.927910204217426 1.0
3.318101309449087 8.820556507427774 1.0
-0.40161385432784114 -1.0503572882987058 0.0
0.0033270577999416056 -0.25195072512611233 0.0
2.599267148064648 9.381303731294995 1.0
-0.5831629673958664 2.3145823821179996 0.0
0.8288494019222621 -1.9048387730822829 0.0
1.731297534569067 9.840226200858043 1.0
-1.3569692088006964 1.0870842748762954 0.0
1.498365172507181 10.016041411517117 1.0
0.406749270826398 8.93352938079106 1.0
-1.3627910006279607 2.0850721096286913 0.0
1.553860654558695 10.062460197982269 1.0
0.3888907098978009 -0.06634109182722528 0.0
1.7241752238781343 8.060682088334023 1.0
1.331592418704299 8.059106863780045 1.0
0.0005847033673036517 11.47246276523893 1.0
-0.08892988539017997 -1.182451882050329 0.0
-0.010493745252754847 0.16727612722652405 0.0
0.2932657501123266 11.435534048889197 1.0
0.8796445164068545 8.581766084524972 1.0
3.9069657740430848 10.21068240213287 1.0
-0.017151117052028278 0.002547527579071368 0.0
-0.6323743261141378 -0.8638267885812471 0.0
1.0144639346840312 9.774924061661105 1.0
-0.0218774586911455 2.3847433238489226 0.0
1.382814835891756 9.442459599966961 1.0
-0.3409018123843023 -0.7564428916671653 0.0
0.008153796720842715 0.12748963971990937 0.0
-0.2156020922179341 -0.28467601858577096 0.0
0.9842800995239265 8.960381440417594 1.0
-1.0368224082794002 -0.6042094737195666 0.0
2.3136333500416066 10.188283556098995 1.0
1.9668071245652958 1.5276523604087935 0.0
-1.5277629873615712 0.07697367252139785 0.0
-1.7133347466397197 -0.7762962943805816 0.0
2.6256405437685792 10.60416233335524 1.0
1.563752887959293 9.446924668136834 1.0
-0.5028949330552597 9.234902398119742 1.0
-1.3040325865465396 -0.272330814500801 0.0
-0.0342209258700701 0.27213030596081206 0.0
1.4477883244973837 8.934740222593604 1.0
1.4899050470700164 10.31156404576381 1.0
1.4457972738255045 10.129397131422964 1.0
-0.09554808031355577 8.271011842467427 1.0
3.214767080981569 11.16615208795158 1.0
3.156052035967556 10.329055082595541 1.0
0.26954322818196763 9.435483207726348 1.0
1.958702217804957 9.252121276867525 1.0
-0.9682671704352902 -1.1014493597438246 0.0
-0.4456947819496009 0.20033903865590083 0.0
-0.17669590700662421 -2.4472051716280827 0.0
-1.3883071720726663 -1.8371998608745683 0.0
2.7300572661374947 11.302892362357792 1.0
2.438282631796311 -0.3685615903495135 0.0
1.4612044096606538 0.5636342742237743 0.0
1.8427356409070574 9.495820513656055 1.0
-1.1709549709663007 0.4733393252471127 0.0
2.9347609958361587 10.889037745811612 1.0
-0.10985722316007003 0.8470744754755257 0.0
-0.1474837358521046 11.47251890189613 1.0
0.035035177922468574 0.022380854166987017 0.0
1.365054792597428 10.068717123950726 1.0
1.6696441283011432 10.388179234263466 1.0
-2.1062129950470942 0.782312825288146 0.0
-0.11244818209902462 -0.35333179279844346 0.0
-2.2289315851272993 0.34178522619327056 0.0
1.2149358146464504 11.093375936557536 1.0
1.537207678432111 12.420662352844754 1.0
-0.04546970422019572 -0.07881024929378301 0.0
0.4844946619996487 -1.0495802867310322 0.0
1.0526743425420446 2.0848117506045103 0.0
0.17822690517485892 0.044672403096635616 0.0
-1.4646429741509623 -0.29768406158604527 0.0
1.1659599585001652 10.221521857302958 1.0
-0.7834938226896786 1.0092097039097738 0.0
-0.3288441222308218 10.731885432339485 1.0
-2.0667231647501234 1.2386636006730634 0.0
1.5136665907208293 -0.1945025198647856 0.0
-0.0296114560178793 -0.5808681846909904 0.0
0.05918959953870574 -1.518694541655825 0.0
0.6493391135001468 -2.0233387480794978 0.0
1.732978447984418 10.218932650214349 1.0
-0.014380197941092705 0.3281575616610282 0.0
1.0906054277096477 9.212502274515806 1.0
-1.810370126111935 1.322841026565185 0.0
-0.7708036554389293 10.682172915065605 1.0
1.678931341005639 9.750186070352168 1.0
0.6416714163099357 1.0142838652638524 0.0
-0.02928699540216444 -1.3389338563066622 0.0
1.2362620921655374 7.60829600211027 1.0
3.112903782995888 9.214212411952822 1.0
0.09865780650488201 0.5684236563929556 0.0
1.0182760760973082 10.669632180407602 1.0
1.5462840319333349 9.811186857271132 1.0
0.6123770592420941 8.7321690847218 1.0
-0.22273827723744002 -1.3704654331051016 0.0
-0.5312419426213402 2.299600849522 0.0
1.690474420569907 -0.5926166978201743 0.0
-0.9164708960791308 9.610787388516352 1.0
-0.19028644467704933 -0.54092933350413 0.0
0.11151764015271515 11.592893694717095 1.0
-1.4631572085303282 -0.45425718457138076 0.0
1.3809197539788933 9.729980199971315 1.0
2.5030252480737447 10.080968432152776 1.0
1.2379245797738458 10.324589461439786 1.0
1.0217171728701844 8.740585513181639 1.0
-0.4106403141390677 -1.6995111301318966 0.0
-0.7406388554765435 1.7420386607971847 0.0
0.41441334521922 11.710174981332667 1.0
-0.3661373295919169 0.3676508411279841 0.0
1.8141512947050216 8.406417375305422 1.0
2.720611556649107 8.4728077947996 1.0
2.6310423341992344 8.006364130802819 1.0
-0.2294937499648322 0.3853633743013098 0.0
-0.5663722987132873 8.620904357329232 1.0
3.26910931708539 10.833583151700916 1.0
0.4138812794714579 9.679933210948027 1.0
-1.0283937619787133 -0.49052252257249945 0.0
1.6220431116635692 -1.2487481207710196 0.0
-0.06878452608987737 0.16022184349774968 0.0
-0.3974946592349606 -0.730065592405375 0.0
3.2540810577511077 10.059238508001116 1.0
1.3884156636128067 9.86570391688082 1.0
2.710283837949156 11.76475144125548 1.0
1.2695588165872305 10.040734891430082 1.0
2.455481311843088 9.323622595630424 1.0
-1.1484430615277728 0.30606557487273833 0.0
-0.08203227297153062 0.28080564755154314 0.0
-1.2257257977806533 -0.25862881032833623 0.0
1.709452479459412 9.613240527626365 1.0
1.7296347303585091 9.406496035951973 1.0
0.3315543440932561 -1.0376150485425253 0.0
3.7806971326805088 10.025969171335863 1.0
0.6419045094618865 2.389409244349437 0.0
-1.1708650373187932 -1.4871339279987905 0.0
2.2806684006169933 9.946005231133803 1.0
3.149512111440412 10.199885521545603 1.0
2.0101560993241736 7.818842681714939 1.0
-0.5903429302231983 0.6481699180996764 0.0
1.9847244037314917 9.494831205747452 1.0
-0.2198167729740987 -2.201842731464005 0.0
2.5263513838685854 12.116745150758597 1.0
-2.2048884620480482 -0.40057688796938423 0.0
1.1986651502039771 11.545250456220318 1.0
-0.004286633173746467 -0.6695548908140627 0.0
-0.24751253151241961 -0.5659042331048064 0.0
1.6069101762801363 10.058584684249828 1.0
-0.0176879448791438 -0.2494680660837395 0.0
1.5009130587463517 -0.3047950715403319 0.0
0.978959529366421 0.4342977903086803 0.0
0.6841769536646986 11.177750888485177 1.0
0.7952793742654635 1.3068154353413988 0.0
-1.1777790313086312 2.1995361370717004 0.0
0.5595871513874258 -1.1027051477435994 0.0
0.4175945560966663 8.824347933252604 1.0
2.359623886944069 -0.19824132362041208 0.0
1.134191400232483 9.937527401702399 1.0
1.3616622836315042 0.7225459785675652 0.0
-2.1743074915060085 -0.705801673004277 0.0
2.7441006453651116 10.552527318817086 1.0
1.392990991033462 8.708119485634604 1.0
0.5649711909737435 9.898428667622937 1.0
2.23572284854887 1.071285697893859 0.0
0.7611078604463664 8.169419803113751 1.0
3.60852453256239 11.19192446050967 1.0
1.84851907098388 -0.07156105271248196 0.0
-0.6061848568242778 1.7130312215550527 0.0
1.4121567607591787 10.343103180477708 1.0
1.192361087881889 -0.5141847198605342 0.0
1.5360057116839265 8.558843581373772 1.0
0.7575141753063874 10.812405005701411 1.0
0.33250697629990755 0.8443502593353327 0.0
0.017250150708779 8.643669970800643 1.0
0.4411477113282925 2.410595778295413 0.0
-0.46614001077838796 9.947407306415023 1.0
1.6149319645411597 10.099755764388357 1.0
0.43806939361488384 11.861560035684715 1.0
3.157284966026851 9.658567576306893 1.0
2.648244422596422 10.341119849534897 1.0
-0.16780068399394255 11.671817212116093 1.0
1.389862549469405 10.1493643106034 1.0
0.47607971431575863 0.17820349728335164 0.0
0.20410455766098992 -0.4660366889553847 0.0
-0.021276432525953626 0.031354999526999 0.0
1.2820437605723751 2.1138831444247517 0.0
-0.02233983842134874 0.551252234982967 0.0
0.4599944391279396 9.228984982322878 1.0
-1.7133262143338799 1.000674854483794 0.0
-0.47910528244821826 9.56787203010809 1.0
0.6382291995298408 -0.14645871876053757 0.0
-0.35768555983264216 -0.46170006298067046 0.0
2.890090160191591 9.34238080828002 1.0
-1.4215128201867409 -0.9105801751761311 0.0
-0.7086157566941483 -0.023078281868449235 0.0
0.2269697918627022 0.5176103959742919 0.0
-1.0085963476943647 -0.3953220917358203 0.0
0.25723029038652534 9.395571050012194 1.0
2.279099853688923 9.528750841696146 1.0
1.4331424747183226 12.488201476566724 1.0
-0.7068603938246109 0.6765099942945203 0.0
0.29400206086944103 -0.05043802726197056 0.0
0.2728111969330784 9.673327668632123 1.0
3.3923080108055856 9.89264312926329 1.0
0.8613724972779847 10.742886562324946 1.0
-1.2244661275031583 -1.2672737877394655 0.0
1.1193511812284993 2.1006533006070853 0.0
-0.19008677614634203 -0.3190130938339833 0.0
0.714130551068968 11.329238111777448 1.0
1.075527213403627 11.275649959193029 1.0
0.5120380689709367 2.228724623684064 0.0
-0.5274173291800288 11.097450181957695 1.0
0.8973059005079186 10.361836904372781 1.0
1.5863189884694633 10.055621731769028 1.0
-0.164298621423933 -0.757036779550013 0.0
1.1206318271018636 10.201501087735384 1.0
1.789624545867081 -0.09568311625480688 0.0
-0.2136220136218704 -0.8505696366720522 0.0
1.5382284250308709 10.075938878760082 1.0
0.05569650597457371 -0.07503016176807441 0.0
-0.11995307748048584 0.43742459175265674 0.0
-0.7659930340944023 1.4647573305188486 0.0
3.117333662257311 9.33454360842062 1.0
0.2939157634317505 -0.11544538167806218 0.0
0.2243576580540313 1.9258401279130037 0.0
3.2714647789252385 9.416886855245679 1.0
0.9357749469017296 10.498137300096891 1.0
0.10966009609731492 0.1300833642509317 0.0
0.07728243157185699 10.75670442259885 1.0
-0.23114962474499445 8.326753807711542 1.0
0.7523608983859308 9.591136816522026 1.0
-0.02687589052517857 0.13146799747676907 0.0
1.464214881010806 10.31339649367166 1.0
-0.8062431702291271 2.3188142851991107 0.0
1.8053567820988796 10.101780328965166 1.0
1.0977443609752455 8.723974614396774 1.0
-1.276098275228761 1.7875157751724582 0.0
0.17784132776055225 1.8469375013920089 0.0
-0.06000455566776952 -0.06990908649434095 0.0
2.77416408654908 9.523531062567027 1.0
0.6518068633152015 9.430918507806384 1.0
3.0276130108431047 8.87146091596536 1.0
0.2804318151309154 -1.5745000092491621 0.0
1.6864340783571308 9.809451088526247 1.0
0.4382383829421914 0.19818028895237624 0.0
-1.159012416451938 -1.4669419732423201 0.0
0.10108153632814121 8.415183775857454 1.0
0.27039651724892794 0.22946630939819707 0.0
-0.6768670664830415 -2.1506507799575556 0.0
1.0790150791177382 0.6720291067611917 0.0
1.690018458532545 9.684157722344084 1.0
2.154271843742267 -0.6686496423980737 0.0
-0.3467452829891136 -0.0732673254269679 0.0
1.4979574837717347 10.011638898830025 1.0
-0.6353282313640912 2.1992735435327013 0.0
1.273424918708536 1.8231290494047145 0.0
1.665880387339441 9.14628701697674 1.0
-0.5919312962209929 -1.311444148441757 0.0
0.17911007027415754 0.07977957292129495 0.0
1.8446496725253019 9.735230873802447 1.0
-0.20237850912501204 0.9945350661991839 0.0
2.3508470334432023 8.548262044689295 1.0
-0.12643550235828624 -0.3821427597197128 0.0
1.8046540051645978 8.090046133648467 1.0
2.3109667675953403 11.961885445045024 1.0
1.1943557316312772 10.399105693448142 1.0
-0.08544164076644917 -0.6629727411976662 0.0
0.3070328479796685 -1.750392449541754 0.0
1.1810229912060088 1.9475044344580947 0.0
1.579031244702313 10.088955081515511 1.0
1.6104633039229912 -1.0293039369477655 0.0
1.033353282984032 -0.6008808096521623 0.0
3.223825356965688 9.38918837513455 1.0
0.20852036895169376 0.7241484358801772 0.0
2.8128675465282846 11.433487987513102 1.0
2.4018134165391376 11.028402410657181 1.0
-1.4101001161921656 -1.7561961629574923 0.0
1.7095579893870514 10.935526261232146 1.0
1.6762450889594653 10.39291719932913 1.0
1.173388923138376 10.442375643936852 1.0
1.9155718381461577 10.590786918480088 1.0
-0.015167808773629058 1.5357782906740645 0.0
0.2654405960522168 0.08348669626956041 0.0
-0.47728636556684045 10.8747296672023 1.0
1.4986639350023865 9.874507428829766 1.0
2.255504269769472 11.096780284163167 1.0
-0.7924061598924805 0.4890395629879552 0.0
-0.9254180895125944 0.0710009942541959 0.0
0.34574466247785596 9.53694232690575 1.0
0.3073408888500609 -1.3353618416127893 0.0
0.53710489799383 0.19468492133422705 0.0
1.3422885858602474 9.576691541586536 1.0
1.0500639614643852 9.272364264296336 1.0
2.351565328234571 0.018619446085805187 0.0
1.240595176400434 11.219885311140265 1.0
2.2637448296185583 9.447690092910678 1.0
0.6690801515107323 -0.6200443723850608 0.0
2.075253034046045 10.32152011885253 1.0
0.4745270099472012 10.185184683312125 1.0
1.6491275788922117 9.816723246661402 1.0
0.229622527662267 -0.8805312219915931 0.0
0.3801308661098972 9.144318601447953 1.0
1.0072454104146893 9.404822109893955 1.0
1.3227656530049745 10.432600334335573 1.0
2.222980668807855 9.998374695261251 1.0
-0.7275137131280406 -0.5270081266414263 0.0
2.025667547560737 -1.3621252158530583 0.0
1.7500276156345702 10.092125343809112 1.0
-0.06332942197582629 -1.776940639797671 0.0
-1.318945774446346 -0.846723589882962 0.0
-0.00034866643428191395 -0.1417745590315162 0.0
2.4639858682954268 -0.02417950799374986 0.0
-0.07338569171164688 1.297261179865394 0.0
2.1873530051394696 9.733442980373427 1.0
-0.022561720416150177 -0.1466217112261288 0.0
-0.6703262737695156 -0.2060412103357106 0.0
0.6124440805142892 10.591885189325199 1.0
1.4620517237310495 12.203072459598665 1.0
0.12022921211044628 0.10009795926981233 0.0
2.3578536610831273 9.309791842926924 1.0
3.2120224711311116 8.935068998186429 1.0
0.8064145297983584 0.3501416527089587 0.0
1.3878351081370985 10.193220531606677 1.0
1.3442084336468485 1.4962706611533543 0.0
1.8018808162894948 9.824115203620154 1.0
1.1100851212523595 11.93169374042728 1.0
3.1408834135766197 10.091511598718705 1.0
0.2859648147396037 0.309319408179831 0.0
0.4919027694691205 11.91691624768831 1.0
0.6669125831616496 9.438991020808649 1.0
2.6318374976701335 8.498747001692314 1.0
2.646826711710892 10.214525153278275 1.0
0.6852006736638008 12.142230430493878 1.0
0.11923383057131498 10.273258431610657 1.0
0.5841200194242663 1.7128468840096092 0.0
-0.7875019281561744 -0.08032953853977702 0.0
1.6412211502229905 10.260278653317288 1.0
0.3720969087070607 9.200647603577375 1.0
2.70472684621007 11.494653789402301 1.0
-1.6607188620617035 -0.7023336187792723 0.0
2.7780621200057993 10.619542997735378 1.0
0.6664147493644965 0.040770883391526826 0.0
1.6020397278187593 8.015429992079843 1.0
-0.0900088033164248 8.318156115340518 1.0
-1.6673638000971107 -1.70107517034499 0.0
0.025903665892436846 0.14781320420037947 0.0
2.6829682109071804 10.274251533934168 1.0
1.5230424598369934 10.269252866899036 1.0
-0.024578729662088974 2.053351771558872 0.0
0.11811057373464694 0.03311654527795426 0.0
-0.6993271365982865 -0.41623771472320126 0.0
2.0386483350697646 10.098416089967175 1.0
2.22106007450346 0.24019820193207725 0.0
0.7534008353500591 10.04956062733416 1.0
0.5402699715604122 -1.1719107280491519 0.0
1.023203183824456 -1.1806480107854562 0.0
-0.13793881967123342 -0.986474934003472 0.0
-1.2443742071355368 -0.23240051070466713 0.0
3.7172028945182474 9.580298831551184 1.0
1.2141899323910088 10.065817801838827 1.0
0.04830037790071429 -0.1716476386547081 0.0
1.2893875696582853 9.350485817850709 1.0
-0.6785951674357034 -0.16657994820453395 0.0
-0.9169748401612412 0.749380197775146 0.0
0.4894029701818881 0.21921214729777133 0.0
2.4787636087644103 11.421200787517819 1.0
1.504280479173341 9.929693168044897 1.0
2.149398252679694 9.728010387642865 1.0
-0.17911214132046768 1.3153386130654774 0.0
-0.42865266160045734 9.464676053527354 1.0
1.3668296633376615 2.0371571447133117 0.0
1.2069186866901436 7.789784092710592 1.0
2.7556971421151157 10.969321843388862 1.0
0.6193323159187747 9.039232046167196 1.0
0.37373988765957894 -0.2324614671032563 0.0
1.4526708856544543 9.716149354113156 1.0
0.3038863605918826 -1.3173826855262185 0.0
0.3391057288937103 2.3955085757807963 0.0
1.8751085097209752 10.4429591835083 1.0
-1.4806845601608014 -1.951045332406088 0.0
0.2706149068945354 10.598791959102886 1.0
-0.018030620969290454 0.10036068751313522 0.0
-0.6011150972606313 0.2524491429926283 0.0
0.1217002397778284 10.71145328476848 1.0
-0.2694330485841082 1.351210228530861 0.0
1.673307950064659 10.318254700750641 1.0
2.371436901976346 8.696476938401172 1.0
3.1512156716894344 10.260344795361425 1.0
1.3864229152418177 9.945617534496684 1.0
3.4369217370018674 11.268806857242433 1.0
0.5854952061161142 10.450424644292566 1.0
0.09737934805283548 -0.5191596723351902 0.0
-0.08407520058177821 0.3624467419363838 0.0
1.332120922188574 8.486332624575557 1.0
1.601489173875358 9.860244928552392 1.0
-1.8661184661037618 -1.037394672425686 0.0
0.5583591695610918 8.88827817795704 1.0
0.5068864445479354 0.08173994928047099 0.0
1.7918579203233322 -1.4342337523953506 0.0
-0.4271427566731979 -1.2624490088856701 0.0
0.2827861243858527 -0.37614543379977805 0.0
0.6533602026569149 -0.1267899427961941 0.0
2.5006007636011156 11.814696743656116 1.0
1.6793327808956815 -0.3705194620982926 0.0
-1.8034972658638246 0.2170667510012465 0.0
-0.0694291300029212 -0.34325450019800263 0.0
0.40413694141652623 -0.7791976241232342 0.0
-1.0371946431989654 -0.08451427451315927 0.0
1.2671784379621829 9.072398893832887 1.0
0.31022366971848414 10.22504983879811 1.0
-2.311010703601903 0.5003772712756566 0.0
-2.190375557829284 -1.1630821271509135 0.0
0.5574616880188575 -1.39100574305772 0.0
2.1389442831574295 9.855777094710847 1.0
1.4679509598723086 10.234994344199142 1.0
-0.6348204839188862 0.30622708615247174 0.0
-0.5169808716123545 9.115798876606801 1.0
0.24339353436465014 0.4079681447006728 0.0
1.9134332181064602 9.406054094263885 1.0
0.8284679909012619 7.6717455633589875 1.0
-0.5970793976748552 10.054111032773347 1.0
-1.150559164884736 1.3075682336322612 0.0
2.818759460498266 8.899492286821953 1.0
0.9046856926260956 -0.036574788946122795 0.0
0.009663297384551168 -0.02797765569032219 0.0
2.6354216277453615 10.12366184814072 1.0
1.185962021212079 -0.36791000759532194 0.0
0.784372883195557 11.25208082946633 1.0
1.196856770065112 10.479338194520393 1.0
0.6937311456948427 -1.3029710248667785 0.0
0.8046887373437419 11.584791006225986 1.0
-0.8665413097028795 0.8144240988417483 0.0
2.3792962121763876 12.164051032998573 1.0
1.8029133405251407 9.344676078162657 1.0
1.483311129319416 11.055478259863154 1.0
-0.04023543079022344 -0.45566824585595933 0.0
0.2886169950201484 0.03788749906010461 0.0
-1.4585090955853286 -0.619843006672709 0.0
0.006085125632981234 0.19877933310080417 0.0
-0.840054116845988 1.5361468175065403 0.0
-0.48753093523522545 0.004126469214419613 0.0
-0.3539879103228194 0.14489438300008722 0.0
1.3737883849151478 10.207808387845441 1.0
1.6236436167287003 12.086235596957081 1.0
1.5006966076098094 10.048117050871868 1.0
1.4993979605857615 9.666869796742148 1.0
0.363563991064606 10.650427124532701 1.0
1.4085320577686855 7.94251545983659 1.0
3.7894334026414835 10.916660048380617 1.0
0.3553474264133454 11.462980092726795 1.0
0.31907363885948414 -1.213813670305417 0.0
0.8053670641723935 10.570851719082906 1.0
1.383728697054089 10.64141503337278 1.0
2.090810142221304 1.0843248562441925 0.0
3.7571833085643327 9.505343698850913 1.0
1.257949106418937 -2.0174575578061225 0.0
-0.4291257576654653 -0.710214881824145 0.0
-0.22621435530390466 10.288818852284821 1.0
-0.03970309465163596 0.02704125169481778 0.0
-0.20978433461989487 9.530142868411653 1.0
-2.240648192044814 0.4000586361904187 0.0
2.44751904986982 -0.17772730305983644 0.0
1.5731884449861628 7.668850071378534 1.0
-1.5516649488472594 0.18053678211275856 0.0
0.7512779698102453 10.123844389926884 1.0
1.020087138251445 10.043570929858276 1.0
-0.9429302858770955 -0.4637854218035586 0.0
2.754209740975157 8.86233226632138 1.0
0.9321682948651594 10.61198550326675 1.0
0.8176761901624255 9.510003528960075 1.0
-0.5877419391579064 8.994591468310492 1.0
0.46515300071213656 -0.6967598809179818 0.0
0.17427350409187686 1.5836223058438554 0.0
-0.377967843237879 9.22747232497943 1.0
-0.24803535089996864 -0.033313468074473614 0.0
1.9169265386731125 10.508067348889218 1.0
0.3949333725833938 0.6005345187679472 0.0
-0.48139378024305274 0.6673839175581926 0.0
2.4393231531831714 9.655668689540105 1.0
0.9302292710064771 -0.24664901863962288 0.0
0.25766608488711923 0.19618648940273475 0.0
0.21465167251888534 1.4220646507690922 0.0
-2.034738203900145 0.7025606683122964 0.0
-0.07812059901224438 -0.040390367947747155 0.0
0.993578408544635 -1.5361831968380724 0.0
2.0663693506969087 7.951951212669089 1.0
2.022650590110163 11.71554497396027 1.0
1.5283843108518633 8.38473446509808 1.0
1.5566551839845164 10.288017821878073 1.0
0.8596779274962578 9.674237302659792 1.0
1.8035039163626823 9.54743227019298 1.0
2.434302421795643 9.739873749741562 1.0
0.2965231548922609 0.12365074664852492 0.0
0.6506587679122356 10.873492292557133 1.0
0.27842447446969204 1.1653403687724884 0.0
0.48506987956939596 11.469564742750508 1.0
0.8144744099509923 9.08622595760452 1.0
1.0778604747424367 9.855106232421472 1.0
-0.2789130213992204 0.4155646252687824 0.0
-0.02386674529720749 0.22058704595700682 0.0
1.8173438053840145 -1.6901597505437458 0.0
1.5795245783239102 9.386071657578134 1.0
-0.2649293965727302 8.9827824140541 1.0
-0.12352054325975807 0.2813031086509535 0.0
0.8850268635850469 -1.3218308553991998 0.0
2.5462640730873627 10.504690371702003 1.0
1.9516949174359326 8.425355173712735 1.0
-0.6592864557605349 10.362896531126738 1.0
2.9854528792683297 9.899461297085482 1.0
1.401526693386332 -1.5665197307402485 0.0
1.4504989030641784 10.798242855848146 1.0
0.19214486608170267 10.212534243376746 1.0
0.3480936505103687 0.008787877767721526 0.0
1.3168139699179384 9.318625485577567 1.0
-0.14767128148042974 9.868451068551703 1.0
-0.004298760611225168 0.006621551400544902 0.0
1.4828285856891277 1.7896026164964136 0.0
1.258448193694586 -0.02686751977120073 0.0
1.4100365051825758 9.924785587709735 1.0
-1.0605646809002929 -0.2623307718297577 0.0
0.052558848066273416 1.0068748637572777 0.0
0.07227261110469348 -0.49951218730393443 0.0
1.1503649033061445 -0.4744370417583727 0.0
-0.2625478391507264 -1.706561209133095 0.0
2.4651204837367295 11.324707034821547 1.0
0.9538129314380642 10.383071728142102 1.0
0.6097994396552001 9.680340292551106 1.0
0.047079947426234565 -0.6664872826519682 0.0
-2.0965810299920338 -0.6780218175622209 0.0
1.269515123930173 8.78689674557174 1.0
-0.6315526094463344 -0.19250795476299193 0.0
-0.4301699351770274 -0.15166766462425535 0.0
-0.17508339435049047 -0.5358318153412572 0.0
-0.1904348674721311 -1.0249457285042423 0.0
-0.0020607789824616724 -0.15360047454447753 0.0
-0.11030112934741343 8.560627134717345 1.0
0.5861876775741247 8.08194605421816 1.0
0.7075647192083293 0.5484819731745618 0.0
1.33938051034081 8.932003876954372 1.0
-1.908367105199389 0.7514165783424417 0.0
-0.6789986858994078 0.9120442580404049 0.0
0.1280742831750987 -0.31772895282513164 0.0
1.7887555273378362 10.228952132970658 1.0
-0.5268094864140641 1.6471431243681924 0.0
-0.14404125056372172 0.02256937954458266 0.0
0.033924728783889524 11.389945814461026 1.0
0.2775109883300968 8.845202383174534 1.0
0.15418057486686162 -0.06457007158531575 0.0
1.3214917722362243 11.091493758438519 1.0
0.21616747664184474 -0.06363969730118048 0.0
1.4895347376247368 10.886327241706436 1.0
1.3262678602603288 -1.3651624212424525 0.0
-0.9317135302748928 -0.8111116220101533 0.0
2.1428592843372556 9.969753553974472 1.0
0.33931507590098553 1.9299894368743171 0.0
1.3529400099518873 10.036283707758406 1.0
0.9544917794940181 -0.39036459816055297 0.0
1.5659243056427417 9.859106781389189 1.0
2.2634424416570478 8.44885233209255 1.0
-1.5843995573853726 1.819614363505601 0.0
-0.13273300992446055 0.11075572959525398 0.0
2.6143747183992847 11.111442648159793 1.0
1.244894513549208 10.0603951409591 1.0
3.6746244946838025 11.17973997018623 1.0
1.4586203853127202 10.200743178457424 1.0
0.38014249601159866 10.849321587280693 1.0
1.5997510973776587 8.945357988943886 1.0
-0.7530937222602219 -0.22074608498534687 0.0
0.33922597853526665 0.4294329633570518 0.0
0.734934980097533 10.677368694984628 1.0
1.7766372382413171 8.92705039640467 1.0
1.9527584819611197 8.90430531318711 1.0
-0.21567857902834262 0.6992552949894522 0.0
2.199055385886263 8.626261451034992 1.0
1.5295204196561805 11.52995497557243 1.0
1.5549513150652434 0.6326549750851275 0.0
0.22383394437565043 0.7348614108841021 0.0
2.6813114929917137 9.056600681946895 1.0
1.6914631974633225 11.916360904354514 1.0
1.3758016520474874 10.188659605061723 1.0
-1.552398000689587 -0.536723930215667 0.0
1.0518233021846517 0.7065027638689632 0.0
2.436175242991879 8.205746214055544 1.0
-0.1702114511457879 0.31055550205451543 0.0
2.019629185129032 9.306898304963516 1.0
3.0881345882789537 9.273882185788658 1.0
0.6404971313221618 0.193009062361274 0.0
